83.125
71.50000000000001
31.087499999999995
37.45
30.2
39.30833333333334
36.449999999999996
67.8
30.71666666666667
17.7875
46.95
67.18
27.700000000000003
46.0
38.35
25.9625
100.6
39.45
13.08
19.22
30.453333333333337
38.86666666666667
47.68333333333333
51.78666666666667
21.583333333333332
13.386666666666667
45.220000000000006
34.96
29.325000000000003
27.36
37.269999999999996
35.56666666666666
16.01
34.72666666666667
24.21
9.46
10.14
9.45
4.571428571428571
6.578571428571429
3.1714285714285717
6.444444444444445
64.95
59.67142857142858
4.341666666666667
15.183333333333332
23.3
30.211111111111116
8.447619047619046
16.121428571428574
13.108333333333333
18.033333333333335
19.7
37.3
22.174999999999997
59.14999999999999
28.840000000000003
15.566666666666668
11.47142857142857
14.571428571428571
18.12142857142857
14.828571428571427
8.875
11.307142857142857
12.404761904761905
6.557142857142857
7.892857142857143
16.957142857142856
16.1375
39.449999999999996
30.96875
41.105555555555554
11.540740740740741
10.883333333333333
36.99
15.659999999999998
7.9525
7.672222222222222
12.256250000000001
3.6305555555555555
3.4000000000000004
4.883333333333334
5.175
7.090000000000001
12.329999999999998
3.54
5.63
3.6249999999999996
9.504999999999999
1.8111111111111113
1.261111111111111
7.98888888888889
8.533333333333333
8.09
9.4
9.633333333333333
16.05
23.799999999999997
15.757142857142856
21.683333333333334
21.366666666666667
6.683333333333333
22.94
27.699999999999996
31.3
24.22
16.55
14.514285714285716
14.27142857142857
15.4
40.2
20.3
17.7
22.42
14.125000000000002
12.875
23.92
11.016666666666667
18.383333333333333
27.449999999999996
30.46666666666667
31.94
54.480000000000004
17.65
64.91666666666667
71.34
57.587500000000006
22.49166666666667
36.65
11.755
11.80625
27.44375
16.308333333333334
8.53125
12.516666666666667
7.739999999999999
5.3
3.9
2.2928571428571427
3.325
5.1625
4.9625
6.322222222222222
8.872222222222222
1.7937500000000002
6.2125
7.905555555555556
5.195
18.4
15.188888888888888
10.033333333333333
4.1466666666666665
7.84
4.788888888888889
10.42
4.52
28.199999999999996
2.755
13.570000000000002
10.44
56.56
11.075
11.905555555555555
16.055555555555554
18.233333333333334
25.88
19.333333333333332
16.538888888888888
12.91111111111111
15.0
16.8625
11.866666666666667
14.833333333333332
9.1375
10.7375
12.2875
15.657142857142858
17.95
15.633333333333333
13.96
8.9
9.422222222222222
7.137499999999999
10.857142857142858
10.733333333333334
9.1
24.43
12.775
15.566666666666668
32.162499999999994
8.35
8.08
18.775
28.525
15.191666666666665
23.125
53.05833333333333
38.268750000000004
13.668750000000001
10.683333333333334
23.666666666666668
9.962499999999999
25.15
22.525000000000002
17.24
34.46
15.4
29.160000000000004
37.99
30.7
25.319999999999997
21.44
25.525000000000002
22.3
16.316666666666666
20.32857142857143
9.785714285714285
28.999999999999996
63.18
17.25
17.43
8.166666666666668
7.8100000000000005
13.86
18.125
13.725000000000001
11.075
6.3
3.983333333333334
4.183333333333333
5.558333333333334
9.066666666666666
1.972222222222222
36.738888888888894
5.995833333333334
11.115
6.465
11.191666666666666
37.96428571428571
18.170833333333334
19.754166666666666
13.309999999999999
4.45
10.6
16.238888888888887
9.066666666666666
1.3678571428571429
2.4392857142857145
1.2190476190476192
1.5952380952380953
24.783333333333328
13.25625
6.695833333333333
10.893749999999999
6.964285714285714
19.28571428571429
26.35
28.199999999999996
8.092857142857143
19.183333333333334
15.766666666666666
7.713333333333333
8.808333333333334
12.558333333333332
37.675
9.191666666666668
15.418750000000001
1.905
8.065000000000001
5.446666666666666
4.583333333333333
1.3125000000000002
4.645833333333333
2.138888888888889
2.7619047619047623
2.9142857142857146
1.8714285714285714
5.575
6.133333333333333
9.25
24.67777777777778
9.777777777777779
11.4625
12.34375
13.462499999999999
12.712499999999999
11.371428571428572
14.314285714285713
14.762500000000001
12.666666666666668
9.45
12.993749999999999
7.294444444444445
22.4037037037037
21.541666666666668
5.144444444444445
4.305555555555555
8.844444444444445
4.561111111111111
16.868750000000002
16.654166666666665
9.009375
30.97142857142857
14.704761904761906
19.995833333333334
2.8851851851851853
4.15925925925926
13.119444444444445
5.847222222222221
19.196296296296296
9.874999999999998
4.7444444444444445
3.7861111111111114
33.451851851851856
7.153333333333334
7.725
6.883333333333333
3.3499999999999996
9.3
4.5
1.6200000000000003
4.32
5.31
1.44
1.6777777777777776
4.188888888888889
2.14
3.9699999999999998
5.533333333333334
9.7625
5.628571428571429
18.883333333333333
47.84
26.200000000000003
16.728571428571428
15.583333333333332
21.525
10.433333333333334
17.09
19.4
17.466666666666665
14.216666666666667
11.071428571428571
13.200000000000001
15.066666666666665
14.92
22.174999999999997
22.075
15.3875
13.874999999999998
18.025
23.725
31.11
18.575
17.183333333333334
14.733333333333334
24.1
19.36
19.89
11.174999999999999
22.937500000000004
21.000000000000004
13.600000000000001
17.724999999999998
19.900000000000002
22.400000000000002
14.799999999999999
8.68
6.4399999999999995
10.575000000000001
24.462500000000002
11.299999999999999
5.8
2.066666666666667
7.173333333333333
4.87
14.3375
40.25
33.6125
21.05
12.85
14.84
21.14
25.650000000000002
32.0625
44.625
27.36666666666666
36.9125
32.925
26.775000000000006
19.400000000000002
22.349999999999998
20.72
101.58
22.5
26.26
28.925
19.05
11.54
22.28333333333333
