-0.37
-0.73
-1.0899999999999999
-1.45
-1.0899999999999999
-0.73
-0.73
-1.0899999999999999
-1.387
-0.37
-0.55
-0.45999999999999996
-0.37
-0.37
-0.73
-17.51706320704785
-0.73
-18.639999999999997
-0.91
-1.36
-1.18
-1.0899999999999999
-1.4500000000000002
-1.18
-1.4500000000000002
-0.91
-0.45999999999999996
-0.45999999999999996
-0.55
-0.91
-1.36
-1.8100000000000003
-1.36
-0.91
-0.45999999999999996
-0.45999999999999996
-0.64
-0.73
-1.27
-1.9000000000000001
-1.72
-1.0899999999999999
-1.36
-1.18
-0.5499999999999999
-1.0899999999999999
-1.6300000000000001
-1.99
-1.27
-1.18
-0.5499999999999999
-0.55
-0.45999999999999996
-0.37
-0.73
-18.639999999999997
-1.18
-14.7377972226007
-0.64
-1.27
-1.27
-1.54
-1.36
-1.9000000000000001
-1.3276000000000001
-1.27
-0.64
-0.82
-1.45
-1.45
-1.72
-2.4400000000000004
-1.6300000000000001
-1.9000000000000001
-2.7100000000000004
-3.6100000000000003
-3.34
-2.98
-3.34
-3.7
-2.7100000000000004
-3.6100000000000003
-3.6100000000000003
-5.149000000000001
-1.8100000000000003
-0.91
-1.8100000000000003
-1.8100000000000003
-1.72
-1.6300000000000001
-0.82
-0.82
-1.0
-0.91
-0.91
-0.82
-0.73
-0.64
-0.64
-1.0899999999999999
-18.189999999999998
-0.55
-0.45999999999999996
-0.4933
-0.55
-0.64
-0.73
-0.64
-1.2736
-1.2160000000000002
-0.55
-0.9154
-0.45999999999999996
-0.93727
-0.37
-0.55
-1.2160000000000002
-0.5499999999999999
-1.0944999999999998
-0.5499999999999999
-0.55
-0.91
-18.82
-1.0899999999999999
-13.927329239597709
-0.82
-15.580431353907365
-1.45
-19.54
-1.54
-1.45
-1.0899999999999999
-1.45
-17.37664215553343
-1.4500000000000002
-0.91
-1.18
-1.36
-1.54
-0.73
-0.73
-0.91
-1.6300000000000001
-1.54
-1.45
-1.72
-1.9000000000000001
-2.7100000000000004
-2.5300000000000002
-2.4400000000000004
-2.8000000000000003
-2.7100000000000004
-2.5300000000000002
-2.8000000000000003
-2.7100000000000004
-1.8919000000000001
-1.8100000000000003
-1.8109000000000002
-0.91
-1.8100000000000003
-1.8100000000000003
-1.72
-0.82
-0.82
-1.0
-0.91
-1.6300000000000001
-1.5579999999999998
-0.82
-0.73
-0.9838
-1.6318
-1.6237
-1.387
-1.4527
-1.4608
-1.646542
-1.8854199999999999
-1.9
-1.056133
-1.6318
-1.5579999999999998
-0.73
-1.7839000000000003
-1.0450000000000002
-0.91
-0.82
-1.0899999999999999
-18.37
-0.4033
-0.55
-0.45999999999999996
-0.73
-14.22128294800078
-1.0899999999999999
-1.0899999999999999
-1.45
-1.45
-1.1881
-2.1691
-0.73
-0.37
-0.7363
-1.1269
-0.91
-14.352360881805069
-0.9154
-1.729
-0.91
-13.377124793624564
-1.3662459999999998
-1.369243
-1.67365
-17.638040272597895
-1.5013
-1.27
-1.18
-1.0
-0.82
-1.0
-1.18
-1.0
-0.45999999999999996
-0.9073
-0.7363
-1.08217
-1.1026000000000002
-0.64
-0.5499999999999999
-1.0899999999999999
-1.0899999999999999
-1.6300000000000001
-17.02956755246455
-2.17
-1.9000000000000001
-1.8100000000000003
-2.26
-2.62
-2.26
-2.17
-1.9000000000000001
-2.26
-1.6300000000000001
-1.6300000000000001
-15.049014429414596
-2.62
-2.5300000000000002
-1.9000000000000001
-1.9000000000000001
-19.9
-2.89
-2.17
-1.45
-1.4176000000000002
-1.2160000000000002
-2.4706
-1.18
-1.36
-2.2915
-1.6300000000000001
-1.4500000000000002
-1.18
-1.0899999999999999
-16.559648162676087
-2.0709999999999997
-1.45
-2.0224
-1.8100000000000003
-1.36
-1.72
-2.17
-2.17
-3.0970000000000004
-1.99
-2.52244
-1.7344000000000004
-0.82
-1.819
-1.9819
-1.8692200000000003
-0.82
-2.2222
-2.755
-0.8607429999999999
-2.168173
-2.159344
-1.900864
-2.4715756
-2.753011
-2.47567096
-1.45
-1.72
-2.4400000000000004
-2.26
-2.5300000000000002
-1.7038000000000002
-1.7046999999999999
-3.2356000000000003
-2.926
-2.17
-2.89
-2.62
-1.9000000000000001
-2.26
-2.5300000000000002
-2.4400000000000004
-3.25
-3.25
-2.4400000000000004
-3.25
-3.25
-6.3946000000000005
-4.636000000000001
-2.8000000000000003
-3.6675100000000005
-3.4147
-3.772900000000001
-3.6019000000000005
-2.62171
-1.8109000000000002
-3.6749539
-3.4325200000000002
-2.7027910000000004
-2.73916
-2.435482
-3.0269611900000006
-3.5857630900000004
-3.5752420000000003
-2.88568
-1.387
-0.6895
-1.5481000000000003
-0.64
-0.73
-2.34361
-2.0709999999999997
-1.0899999999999999
-1.0
-0.5176000000000001
-1.314505
-1.6335549999999999
-2.2522477600000004
-2.52185536
-2.8885780000000003
-2.0249470000000005
-1.34227
-1.387
-0.73
-0.73
-0.7686999999999999
-1.4527
-15.221348755131125
-1.18
-1.19201995
-2.1672194499999997
-2.4543523000000005
-1.8125835399999999
-1.729
-0.8856999999999999
-1.4527
-1.4527
-2.168173
-1.1592253
-1.4413483
-1.76644747
-1.0989369999999998
-1.6247260000000003
-0.9154
-0.8739999999999999
-2.12743
-20.51649127
-1.946584
-1.36
-1.36
-1.8100000000000003
-1.54
-2.28979
-0.73
-0.76627
-1.4579476299999998
-2.0946394
-1.3662459999999998
-1.8171487000000002
-3.25821546532007
-16.299274856951566
-1.0899999999999999
-2.66691546532007
-1.092943
-0.7363
-1.8133681536999997
-2.1187829953
-2.211895
-2.4661
-18.099999999999998
-2.2544577046
-2.258636963833
-2.1652344721629997
-2.55348091
-2.0094445
-0.752901193414
