12.960157
6.405268
15.569676
6.243593
19.150971
23.792435
5.012091
5.128859
17.212049
6.313063
6.029792
7.894613
47.615914
10.394827
4.699153
95.78834
38.350665
156.381115
5.275534
8.651273
4.978918
6.933417
4.511962
6.555629
7.059714
8.881906
6.275242
3.838437
6.037666
6.207644
19.619435
3.46217
31.53138
10.324644
4.897968
5.801952
3.74365
7.73788
4.154831
15.654372
3.866763
28.649254
34.620367
6.943912
7.398475
4.928918
15.934427
6.967661
8.809965
6.341168
4.989325
6.761447
9.726037
8.168096
4.69295
115.374086
3.338501
58.90112
4.082256
4.251425
23.850397
5.798726
6.733811
8.287366
13.846565
5.987292
4.31234
5.398818
4.401788
4.136951
15.11522
4.632321
8.741892
4.324705
7.974853
14.839544
5.989418
5.296558
10.665643
7.678909
3.82078
5.278304
13.536521
6.656741
6.212558
4.459949
5.349468
47.471944
4.442256
12.488405
6.10705
3.958198
4.70534
15.0162
3.711185
3.187302
3.957717
3.027501
5.598847
4.708677
153.245463
3.655506
3.181635
4.837735
5.658657
3.960998
4.044435
2.899836
3.595481
5.019064
4.062107
5.769023
3.839289
4.174428
4.53261
4.722055
3.710747
3.509509
6.469075
5.894386
10.890726
5.106627
170.320566
7.831823
53.811132
3.307599
70.773142
5.005707
142.194176
28.958032
14.502625
4.113281
4.663766
88.138133
5.583691
5.461682
5.64167
4.918854
5.524761
4.697307
5.280902
2.79129
4.198351
33.281654
5.643904
4.634109
10.982606
3.898358
13.453664
7.72472
4.632015
7.366207
5.672638
3.733468
8.298096
6.476948
4.099876
7.437871
4.833443
5.432828
16.047651
5.55075
5.080246
4.828925
4.031477
4.231022
4.358932
22.808402
3.477388
4.096505
4.939891
4.300377
4.163089
3.419509
3.991414
3.586102
4.926311
3.657114
4.327685
3.837893
5.89609
4.338232
3.245648
9.176233
6.375028
4.952145
17.778813
5.385759
168.538592
40.118977
4.62018
4.762797
3.282106
56.137294
3.802281
13.243104
5.508145
4.606462
18.274922
5.162546
6.063427
4.867181
5.920328
5.915439
4.32902
64.509711
11.086909
6.102749
8.741284
8.362934
6.525784
4.227378
5.582592
84.601847
3.995893
3.276543
21.525247
3.688465
8.645093
3.585372
34.766007
8.717588
4.022141
4.525528
3.838738
3.038815
4.369244
3.52042
4.26073
4.141917
33.768993
4.835168
79.815627
12.418456
4.843103
12.713609
11.724323
20.434908
9.520901
8.341639
6.700932
18.26527
3.995657
4.430984
53.254709
7.497238
26.661171
4.526013
6.556364
22004.990362
9.338606
7.600505
10.918653
6.536267
5.780639
6.453904
22.475255
5.245647
6.559361
4.262801
15.196304
9.480155
3.565954
63.568511
6.312188
5.309486
16.503398
7.053079
7.493806
5.307412
4.966693
4.151933
5.517387
5.937145
5.061382
5.144176
5.64159
5.41722
4.630572
4.446627
5.100785
4.728697
5.02312
10.757875
4.164047
18.793129
6.020582
4.825658
3.662926
5.19899
5.218035
14.362441
6.979182
15.957126
5.789859
4.481653
8.499186
4.110907
4.232416
14.792339
3.359527
18.087504
20.212234
6.937125
4.403365
8.997448
7.566888
3.78628
12.693123
7.627815
6.294465
3.878394
12.234667
6.504722
5.009847
4.626569
5.801844
5.356519
4.639714
3.833652
4.4455
15.44039
3.726061
4.555928
3.647394
5.959091
4.155127
3.762781
3.096951
15.461974
4.431746
7.233364
5.783904
3.925396
5.214806
4.931114
10.409044
4.218346
6.227506
4.042466
4.867345
4.843801
3.039614
4.447527
5.696571
4.936265
4.266808
18.890905
6.972044
8.808232
4.94406
67.987733
5.252889
7.507601
4.713717
5.839981
5.227681
3.200808
11.847446
4.429023
10.838763
6.137429
3.682833
2.947713
4.183923
4.505737
4.501248
4.325809
4.266077
4.523621
175.813101
6.581574
9.282094
8.524657
23.687374
15.224611
4.280696
9.105866
7.937569
4.646813
3.703871
4.234908
5.482512
6.243
74.381265
4.915986
19.191917
6.85572
11.282585
4.292905
3.885599
4.201182
4.331386
141.519933
3.815767
4.207112
4.761262
3.908301
2.948948
4.107293
