0.0 0.0 0.0 0.0 0.0 
0.0 0.0 0.0 0.0 0.0 
0.0 0.0 0.0 0.0 0.0 
0.0 0.0 0.0 0.0 0.0 
0.0 0.0 0.0 0.0 0.0 
0.0 0.0 0.0 0.0 0.0 
0.0 0.0 0.0 0.0 0.0 
0.0 0.0 0.0 0.0 0.0 
0.0 0.0 0.0 0.0 0.0 
0.0 0.0 0.0 0.0 0.0 
0.0 0.0 0.0 0.0 0.0 
0.0 0.0 0.0 0.0 0.0 
0.0 0.0 0.0 0.0 0.0 
-0.37 0.0 0.0 0.0 -0.55 
0.0 0.0 0.0 0.0 0.0 
0.0 0.0 0.0 0.0 0.0 
0.0 0.0 0.0 0.0 0.0 
0.0 0.0 -1.45 0.0 0.0 
0.0 0.0 0.0 0.0 0.0 
0.0 0.0 0.0 0.0 0.0 
0.0 0.0 0.0 0.0 0.0 
0.0 0.0 0.0 0.0 0.0 
0.0 0.0 0.0 0.0 0.0 
0.0 0.0 0.0 0.0 0.0 
0.0 0.0 -0.91 -0.45999999999999996 0.0 
0.0 0.0 0.0 -0.55 0.0 
0.0 0.0 0.0 0.0 0.0 
0.0 0.0 0.0 0.0 0.0 
0.0 0.0 0.0 0.0 0.0 
0.0 0.0 0.0 0.0 0.0 
0.0 0.0 0.0 0.0 0.0 
0.0 0.0 0.0 0.0 0.0 
0.0 0.0 0.0 0.0 0.0 
0.0 0.0 0.0 0.0 0.0 
-0.45999999999999996 0.0 0.0 0.0 0.0 
-0.5499999999999999 0.0 0.0 0.0 0.0 
0.0 0.0 0.0 0.0 0.0 
0.0 0.0 0.0 0.0 0.0 
0.0 0.0 0.0 0.0 0.0 
0.0 0.0 0.0 0.0 0.0 
0.0 0.0 0.0 0.0 0.0 
0.0 0.0 0.0 0.0 0.0 
0.0 0.0 0.0 0.0 0.0 
0.0 0.0 -0.73 0.0 0.0 
-0.45999999999999996 0.0 0.0 0.0 -0.64 
0.0 0.0 -1.1881 -0.55 0.0 
0.0 0.0 0.0 0.0 0.0 
0.0 0.0 -1.45 0.0 -0.91 
0.0 0.0 0.0 -0.82 0.0 
0.0 0.0 -1.8100000000000003 0.0 0.0 
0.0 0.0 0.0 0.0 0.0 
0.0 0.0 0.0 0.0 0.0 
0.0 0.0 0.0 0.0 0.0 
0.0 0.0 0.0 0.0 0.0 
0.0 0.0 0.0 0.0 -14.41366613942884 
-16.921 0.0 0.0 0.0 -0.73 
0.0 0.0 0.0 0.0 0.0 
0.0 0.0 0.0 0.0 0.0 
-0.82 0.0 -1.6300000000000001 -14.955185903183338 0.0 
0.0 0.0 0.0 0.0 0.0 
0.0 0.0 0.0 0.0 0.0 
0.0 0.0 0.0 0.0 0.0 
0.0 0.0 0.0 0.0 0.0 
0.0 0.0 0.0 0.0 0.0 
-0.45999999999999996 0.0 0.0 0.0 0.0 
0.0 0.0 0.0 -0.55 0.0 
-14.013378438020894 0.0 0.0 0.0 0.0 
0.0 0.0 -1.45 0.0 -0.91 
-0.82 0.0 0.0 -0.82 -1.0 
-0.91 0.0 -1.8100000000000003 -0.91 0.0 
0.0 0.0 0.0 0.0 0.0 
0.0 0.0 0.0 0.0 0.0 
0.0 0.0 0.0 0.0 0.0 
0.0 0.0 0.0 0.0 0.0 
0.0 0.0 -0.91 0.0 0.0 
-0.5499999999999999 0.0 -1.0899999999999999 -0.55 -0.73 
-0.64 0.0 -1.27 -1.2655 -0.82 
-0.73 0.0 -1.45 -1.4445999999999999 -13.706796203720021 
-2.37862 0.0 -1.6300000000000001 -1.5579999999999998 -1.0 
-0.91 0.0 0.0 0.0 0.0 
0.0 0.0 0.0 0.0 0.0 
0.0 0.0 0.0 0.0 0.0 
0.0 0.0 0.0 0.0 0.0 
0.0 0.0 -18.37 0.0 0.0 
-0.45999999999999996 0.0 -0.91 0.0 -0.64 
-1.0944999999999998 0.0 -15.36249126903693 -15.996679211703512 -1.387 
0.0 0.0 -2.4130000000000003 0.0 -14.434060057170715 
0.0 0.0 0.0 0.0 -0.91 
0.0 0.0 0.0 0.0 0.0 
0.0 0.0 0.0 0.0 0.0 
0.0 0.0 0.0 0.0 0.0 
0.0 0.0 0.0 0.0 0.0 
0.0 0.0 0.0 0.0 0.0 
-48.9447756914917 0.0 -47.50432378881295 0.0 -42.493136639073796 
-29.613316091301506 0.0 -16.92001177149501 -28.735349177097287 -29.07931565316168 
-0.5499999999999999 0.0 -1.0899999999999999 -1.7061115061220022 -0.73 
-13.383343081621522 0.0 -1.27 -0.64 -0.82 
-0.73 0.0 0.0 0.0 0.0 
0.0 0.0 0.0 0.0 0.0 
0.0 0.0 0.0 0.0 0.0 
0.0 0.0 0.0 0.0 0.0 
0.0 0.0 0.0 0.0 0.0 
0.0 0.0 0.0 0.0 0.0 
0.0 0.0 0.0 0.0 0.0 
0.0 0.0 0.0 0.0 0.0 
0.0 0.0 0.0 0.0 0.0 
0.0 0.0 0.0 0.0 0.0 
0.0 0.0 0.0 0.0 0.0 
0.0 0.0 -2.4400000000000004 0.0 0.0 
-1.8100000000000003 0.0 0.0 -1.72 0.0 
0.0 0.0 0.0 0.0 0.0 
0.0 0.0 0.0 0.0 0.0 
0.0 0.0 0.0 0.0 0.0 
0.0 0.0 0.0 0.0 -1.9 
0.0 -0.45999999999999996 0.0 0.0 0.0 
-1.0899999999999999 0.0 -1.6300000000000001 -1.0 0.0 
-1.27 0.0 0.0 0.0 0.0 
0.0 0.0 0.0 0.0 -1.72 
0.0 0.0 0.0 -1.54 -1.9000000000000001 
0.0 0.0 0.0 -1.72 0.0 
0.0 0.0 0.0 0.0 0.0 
0.0 0.0 0.0 0.0 0.0 
0.0 0.0 0.0 0.0 0.0 
0.0 0.0 0.0 0.0 0.0 
0.0 -0.45999999999999996 0.0 -0.82 0.0 
0.0 -0.5499999999999999 0.0 0.0 0.0 
0.0 0.0 0.0 -1.18 0.0 
-2.755 -0.73 -2.17 0.0 -1.72 
0.0 -0.82 0.0 0.0 0.0 
0.0 0.0 0.0 -1.72 0.0 
0.0 0.0 0.0 0.0 0.0 
0.0 0.0 0.0 0.0 0.0 
0.0 0.0 0.0 0.0 0.0 
-0.73 -0.37 0.0 0.0 0.0 
0.0 0.0 0.0 -13.51483937023648 -1.18 
0.0 0.0 0.0 0.0 0.0 
0.0 0.0 0.0 -1.18 0.0 
-1.45 0.0 0.0 -1.36 -1.72 
-1.6300000000000001 -0.82 0.0 -1.54 -1.9000000000000001 
0.0 -0.91 -2.7100000000000004 -1.72 0.0 
0.0 0.0 0.0 0.0 0.0 
0.0 0.0 0.0 0.0 0.0 
0.0 0.0 0.0 0.0 0.0 
-0.73 -0.37 0.0 0.0 -1.0 
-0.91 0.0 -1.36 -0.82 -1.18 
-1.0899999999999999 -1.4905 -1.6300000000000001 -1.9 -1.36 
-1.27 -0.64 0.0 -1.18 0.0 
0.0 -0.73 -2.17 -1.36 0.0 
0.0 -0.82 0.0 0.0 -1.9000000000000001 
0.0 0.0 0.0 0.0 0.0 
0.0 0.0 0.0 0.0 0.0 
0.0 0.0 0.0 0.0 0.0 
0.0 0.0 0.0 0.0 0.0 
-0.73 -0.37 0.0 0.0 -1.0 
-0.91 -0.45999999999999996 -1.36 -0.82 -1.18 
0.0 -0.5499999999999999 -1.6300000000000001 -1.0 -1.36 
-1.27 -0.64 0.0 -1.18 -1.54 
0.0 0.0 0.0 -1.36 0.0 
-1.6300000000000001 0.0 0.0 0.0 0.0 
0.0 0.0 0.0 0.0 0.0 
0.0 0.0 0.0 0.0 0.0 
0.0 0.0 0.0 0.0 0.0 
0.0 0.0 0.0 0.0 0.0 
-0.73 0.0 -1.0899999999999999 0.0 -1.0 
-0.91 -1.2466 -1.36 -1.5579999999999998 -1.18 
-1.0899999999999999 0.0 0.0 0.0 -1.36 
0.0 -0.64 -1.9000000000000001 -15.458718421062926 -1.54 
0.0 0.0 -2.17 0.0 0.0 
0.0 -0.82 -2.4400000000000004 0.0 0.0 
0.0 0.0 0.0 0.0 0.0 
0.0 0.0 0.0 0.0 0.0 
0.0 0.0 0.0 0.0 0.0 
0.0 0.0 0.0 0.0 0.0 
-1.4527 -1.27243 -17.630534692473297 0.0 -1.9 
-0.91 0.0 -1.36 0.0 -1.18 
0.0 0.0 -14.431115830941662 -1.0 -1.36 
-1.27 0.0 -1.9000000000000001 -1.18 -1.54 
0.0 0.0 0.0 0.0 0.0 
0.0 0.0 0.0 0.0 0.0 
0.0 0.0 0.0 -1.72 0.0 
0.0 0.0 0.0 0.0 0.0 
0.0 0.0 0.0 0.0 0.0 
0.0 0.0 0.0 0.0 0.0 
-0.73 0.0 0.0 0.0 -1.0 
-0.91 -17.424259494827155 -1.36 -0.82 -1.18 
-1.0899999999999999 -0.5499999999999999 0.0 0.0 -1.36 
0.0 0.0 0.0 0.0 0.0 
0.0 0.0 0.0 -1.36 -1.72 
0.0 0.0 0.0 0.0 0.0 
0.0 0.0 0.0 0.0 0.0 
0.0 0.0 0.0 0.0 0.0 
0.0 0.0 0.0 0.0 0.0 
0.0 0.0 0.0 0.0 0.0 
-0.73 0.0 -1.0899999999999999 0.0 -1.0 
0.0 0.0 -1.36 0.0 0.0 
0.0 0.0 0.0 0.0 0.0 
0.0 0.0 0.0 0.0 0.0 
0.0 0.0 0.0 0.0 0.0 
0.0 0.0 0.0 0.0 0.0 
0.0 0.0 0.0 0.0 0.0 
0.0 0.0 0.0 0.0 0.0 
0.0 0.0 0.0 0.0 0.0 
0.0 0.0 0.0 0.0 0.0 
0.0 0.0 0.0 0.0 0.0 
0.0 0.0 0.0 0.0 -1.72 
0.0 0.0 -2.17 0.0 0.0 
0.0 0.0 0.0 -1.72 0.0 
0.0 0.0 -2.89 -1.99 0.0 
0.0 0.0 0.0 -2.26 0.0 
0.0 0.0 0.0 0.0 0.0 
0.0 0.0 0.0 0.0 0.0 
0.0 0.0 0.0 0.0 0.0 
0.0 0.0 0.0 0.0 0.0 
0.0 0.0 0.0 0.0 0.0 
0.0 0.0 0.0 0.0 0.0 
-1.6300000000000001 -2.0709999999999997 -2.17 -1.4500000000000002 -1.99 
0.0 0.0 0.0 -1.72 0.0 
0.0 -2.755 0.0 0.0 0.0 
0.0 0.0 0.0 0.0 0.0 
0.0 -1.8100000000000003 0.0 0.0 0.0 
0.0 0.0 0.0 0.0 0.0 
0.0 0.0 0.0 0.0 0.0 
0.0 0.0 0.0 0.0 0.0 
0.0 -0.73 0.0 0.0 -1.4500000000000002 
0.0 -0.91 -1.8100000000000003 -14.838031939621658 -1.72 
-1.6300000000000001 0.0 0.0 0.0 -1.99 
-1.9000000000000001 0.0 0.0 -1.72 -4.294 
0.0 -2.755 -2.89 -1.99 0.0 
0.0 0.0 0.0 0.0 0.0 
0.0 -1.8100000000000003 0.0 0.0 0.0 
0.0 0.0 0.0 0.0 0.0 
0.0 0.0 0.0 0.0 0.0 
0.0 0.0 0.0 0.0 0.0 
-1.0899999999999999 0.0 0.0 0.0 0.0 
0.0 0.0 0.0 0.0 0.0 
-1.6300000000000001 -1.0899999999999999 -2.17 -14.56599186159487 -1.99 
0.0 0.0 0.0 -1.72 0.0 
0.0 0.0 -2.89 0.0 0.0 
-2.4400000000000004 0.0 0.0 0.0 0.0 
0.0 0.0 0.0 0.0 0.0 
0.0 0.0 0.0 0.0 0.0 
0.0 0.0 0.0 0.0 0.0 
0.0 0.0 0.0 0.0 0.0 
-1.0899999999999999 0.0 0.0 0.0 -1.4500000000000002 
0.0 -0.91 -1.8100000000000003 -1.18 -1.72 
-1.6300000000000001 -1.1881 -2.17 -1.4500000000000002 0.0 
0.0 -1.27 -2.5300000000000002 -1.72 0.0 
0.0 0.0 -2.89 -14.743588305832128 0.0 
0.0 0.0 0.0 0.0 0.0 
0.0 0.0 0.0 0.0 0.0 
0.0 0.0 0.0 0.0 0.0 
0.0 0.0 0.0 0.0 0.0 
0.0 0.0 0.0 0.0 0.0 
-14.77156862954661 -1.9783 -18.25285561815009 0.0 -2.7550000000000003 
-1.36 -1.729 -1.8100000000000003 -1.18 0.0 
-1.6300000000000001 0.0 0.0 -1.4500000000000002 -1.99 
-1.9000000000000001 0.0 0.0 0.0 -2.26 
0.0 0.0 0.0 0.0 0.0 
0.0 0.0 0.0 0.0 0.0 
0.0 0.0 0.0 0.0 0.0 
0.0 0.0 0.0 0.0 0.0 
0.0 0.0 0.0 0.0 0.0 
0.0 0.0 0.0 0.0 0.0 
-2.0709999999999997 0.0 0.0 0.0 -1.4500000000000002 
-1.36 -18.591399999999997 -1.8100000000000003 -2.242 -16.276433982091064 
0.0 0.0 0.0 0.0 0.0 
0.0 0.0 0.0 0.0 0.0 
0.0 0.0 0.0 0.0 0.0 
0.0 0.0 0.0 0.0 0.0 
0.0 0.0 0.0 0.0 0.0 
0.0 0.0 0.0 0.0 0.0 
0.0 0.0 0.0 0.0 0.0 
0.0 0.0 0.0 0.0 0.0 
-1.0899999999999999 0.0 -15.665379461284658 0.0 -1.4500000000000002 
0.0 0.0 0.0 0.0 0.0 
0.0 0.0 0.0 0.0 0.0 
0.0 0.0 0.0 0.0 0.0 
0.0 0.0 0.0 0.0 0.0 
0.0 0.0 -3.25 0.0 0.0 
0.0 0.0 0.0 0.0 0.0 
0.0 0.0 0.0 0.0 0.0 
0.0 0.0 0.0 0.0 0.0 
0.0 0.0 0.0 0.0 0.0 
0.0 -0.73 0.0 0.0 0.0 
0.0 0.0 0.0 0.0 0.0 
0.0 0.0 0.0 0.0 0.0 
0.0 0.0 0.0 0.0 0.0 
0.0 0.0 0.0 0.0 0.0 
0.0 0.0 0.0 0.0 0.0 
0.0 0.0 0.0 0.0 0.0 
0.0 0.0 0.0 0.0 0.0 
0.0 0.0 0.0 0.0 0.0 
0.0 0.0 0.0 0.0 0.0 
0.0 0.0 0.0 0.0 0.0 
0.0 0.0 0.0 0.0 0.0 
0.0 0.0 0.0 0.0 0.0 
0.0 0.0 0.0 0.0 0.0 
0.0 0.0 0.0 0.0 0.0 
0.0 0.0 0.0 0.0 0.0 
0.0 0.0 0.0 0.0 0.0 
0.0 0.0 0.0 0.0 0.0 
0.0 0.0 0.0 0.0 0.0 
0.0 0.0 0.0 0.0 0.0 
0.0 0.0 0.0 0.0 0.0 
0.0 0.0 0.0 0.0 0.0 
0.0 0.0 0.0 0.0 0.0 
0.0 0.0 0.0 0.0 0.0 
0.0 -2.17 0.0 0.0 0.0 
0.0 0.0 0.0 0.0 0.0 
0.0 0.0 0.0 0.0 0.0 
0.0 0.0 0.0 0.0 0.0 
0.0 0.0 0.0 0.0 0.0 
0.0 0.0 0.0 0.0 0.0 
0.0 0.0 0.0 0.0 0.0 
0.0 0.0 0.0 0.0 0.0 
0.0 -1.6300000000000001 0.0 -1.9000000000000001 0.0 
-2.5300000000000002 0.0 0.0 0.0 -2.98 
-15.585399798289215 -2.17 0.0 0.0 0.0 
-3.25 0.0 0.0 -2.98 -3.7 
0.0 0.0 0.0 -3.34 0.0 
0.0 0.0 0.0 0.0 0.0 
0.0 0.0 0.0 0.0 0.0 
0.0 0.0 0.0 0.0 0.0 
-1.45 -1.0899999999999999 0.0 0.0 -1.9000000000000001 
0.0 -1.36 0.0 -1.54 -2.26 
-2.17 0.0 0.0 -1.9000000000000001 0.0 
0.0 0.0 0.0 0.0 0.0 
-2.89 -4.123 0.0 -4.978 -3.34 
0.0 0.0 0.0 -2.98 -3.7 
-3.6100000000000003 0.0 0.0 0.0 0.0 
0.0 0.0 0.0 0.0 0.0 
0.0 0.0 0.0 0.0 0.0 
0.0 0.0 0.0 0.0 0.0 
-1.45 -1.0899999999999999 0.0 0.0 -1.9000000000000001 
-1.8100000000000003 -16.90054238623058 0.0 -1.54 -2.26 
-2.17 -1.6300000000000001 0.0 -19.54 0.0 
-2.5300000000000002 0.0 0.0 0.0 0.0 
-5.491 0.0 0.0 0.0 0.0 
0.0 0.0 0.0 0.0 0.0 
0.0 -2.7100000000000004 0.0 0.0 0.0 
0.0 0.0 0.0 0.0 0.0 
0.0 0.0 0.0 0.0 0.0 
0.0 0.0 0.0 0.0 0.0 
-1.45 -1.0899999999999999 0.0 0.0 0.0 
-1.8100000000000003 -1.36 0.0 -1.54 -2.26 
0.0 -1.6300000000000001 0.0 -1.9000000000000001 0.0 
0.0 -1.9000000000000001 0.0 0.0 0.0 
0.0 0.0 0.0 0.0 0.0 
0.0 0.0 0.0 0.0 0.0 
0.0 0.0 0.0 0.0 0.0 
0.0 0.0 0.0 0.0 0.0 
0.0 0.0 0.0 0.0 0.0 
0.0 0.0 0.0 0.0 0.0 
-15.718141531086696 0.0 0.0 0.0 0.0 
0.0 0.0 0.0 -1.54 0.0 
0.0 0.0 0.0 0.0 0.0 
0.0 0.0 0.0 0.0 0.0 
0.0 0.0 0.0 0.0 -3.34 
0.0 0.0 0.0 0.0 0.0 
0.0 0.0 0.0 0.0 0.0 
0.0 0.0 0.0 0.0 0.0 
0.0 0.0 0.0 0.0 0.0 
0.0 0.0 0.0 0.0 0.0 
-19.09 -32.407540509244996 0.0 0.0 -16.100137647022894 
0.0 0.0 0.0 -1.54 0.0 
0.0 0.0 0.0 0.0 0.0 
0.0 0.0 0.0 0.0 -2.98 
0.0 0.0 0.0 0.0 0.0 
0.0 0.0 0.0 0.0 0.0 
0.0 0.0 0.0 0.0 0.0 
0.0 0.0 0.0 0.0 0.0 
0.0 0.0 0.0 0.0 0.0 
0.0 0.0 0.0 0.0 0.0 
0.0 0.0 0.0 0.0 0.0 
0.0 0.0 0.0 0.0 0.0 
0.0 0.0 0.0 0.0 0.0 
0.0 0.0 0.0 0.0 0.0 
0.0 0.0 0.0 0.0 0.0 
0.0 0.0 0.0 0.0 0.0 
0.0 0.0 0.0 0.0 0.0 
0.0 0.0 0.0 0.0 0.0 
0.0 0.0 0.0 0.0 0.0 
0.0 0.0 0.0 0.0 0.0 
0.0 0.0 0.0 0.0 0.0 
0.0 0.0 0.0 0.0 0.0 
0.0 0.0 0.0 0.0 0.0 
0.0 0.0 0.0 0.0 0.0 
0.0 0.0 0.0 0.0 0.0 
0.0 0.0 0.0 0.0 0.0 
0.0 0.0 0.0 0.0 0.0 
0.0 0.0 0.0 0.0 0.0 
0.0 0.0 0.0 0.0 0.0 
0.0 0.0 0.0 0.0 0.0 
0.0 0.0 0.0 0.0 0.0 
0.0 0.0 0.0 0.0 0.0 
0.0 0.0 0.0 0.0 0.0 
0.0 0.0 0.0 0.0 0.0 
0.0 0.0 0.0 0.0 0.0 
0.0 0.0 0.0 0.0 0.0 
0.0 0.0 0.0 0.0 0.0 
