425.6
92.875
96.0875
87.36666666666666
75.64999999999999
80.22999999999999
49.91666666666667
46.41111111111111
36.75
47.50416666666666
34.19444444444444
43.516666666666666
62.55
30.574999999999996
55.44166666666667
69.67999999999999
59.91666666666667
23.625
22.613333333333333
26.683333333333337
28.9
22.066666666666666
38.4375
29.171875000000004
19.325
18.791666666666668
21.671875
17.159375
24.906250000000004
26.716666666666665
40.012499999999996
42.412499999999994
26.92380952380952
25.1
26.58125
41.0625
23.875
47.20000000000001
10.7625
23.200000000000003
8.775
11.096874999999999
12.191666666666665
33.324999999999996
14.692857142857143
29.53571428571429
53.29999999999999
40.55
63.63749999999999
59.09166666666666
63.99374999999999
29.839999999999993
28.40625
35.980000000000004
20.115000000000002
28.293333333333333
48.83
43.349999999999994
48.641666666666666
84.41666666666666
72.22857142857143
95.18333333333334
85.58571428571427
72.87142857142857
54.516666666666666
54.605555555555554
31.222222222222218
57.68
74.77499999999999
67.83749999999999
60.824999999999996
63.69166666666668
49.46666666666667
59.760000000000005
67.52499999999999
61.05833333333334
56.38333333333333
61.25000000000001
56.93
56.35333333333333
49.989999999999995
44.415000000000006
43.63333333333333
59.96666666666667
67.8875
37.575
86.8
82.9625
54.7875
16.8875
27.380000000000003
61.64000000000001
89.96
58.15
78.33333333333333
73.98333333333333
45.957142857142856
49.05
64.68
85.05
48.94
72.64
67.07000000000001
42.53333333333334
42.27142857142857
57.58571428571428
37.4125
53.300000000000004
38.44285714285714
49.65
95.93333333333334
78.75
87.8
76.95
70.71428571428572
70.41428571428571
58.3
31.375000000000007
58.425
24.266666666666666
20.369999999999997
18.637500000000003
23.05833333333333
27.706249999999997
45.207142857142856
40.81904761904762
63.1
23.956249999999997
29.67083333333333
30.952380952380953
34.46111111111111
46.666666666666664
48.510000000000005
54.90666666666667
60.53000000000001
83.86
59.660000000000004
44.108333333333334
30.5
25.73333333333333
36.5
54.120000000000005
45.43333333333334
77.02
66.05
75.6875
51.925
53.75
77.24
66.33333333333333
59.824999999999996
71.97142857142856
47.65625
49.45
77.9857142857143
72.375
91.31428571428572
68.78571428571429
77.35833333333333
57.56666666666666
44.82380952380952
36.83333333333333
40.285714285714285
62.78571428571429
80.15625
58.18333333333333
43.25555555555555
77.06666666666666
75.99
61.13000000000001
69.64444444444445
79.47777777777777
88.675
78.5
62.022222222222226
78.25555555555556
72.37777777777778
72.03333333333333
102.01249999999999
78.525
63.025
40.96666666666667
33.715625
26.2875
34.67857142857142
16.35
19.692857142857143
9.675
15.741666666666667
21.900000000000002
12.43125
12.777777777777777
11.709999999999999
27.066666666666666
40.266666666666666
44.8375
50.411111111111104
69.1625
57.08888888888889
71.06666666666666
61.93333333333334
78.15
53.011111111111106
68.82222222222222
75.14074074074074
13.183333333333334
30.895
14.976666666666667
31.435000000000002
34.922222222222224
37.53333333333334
39.1625
33.06666666666666
63.044444444444444
61.3
62.86000000000001
72.25999999999999
39.71666666666666
32.22
45.94
34.965
23.37
22.61
19.538888888888888
22.075
48.338888888888896
5.385
7.429999999999999
8.200000000000001
36.37037037037037
6.622222222222223
4.516666666666667
15.40952380952381
7.177777777777776
23.204166666666666
31.16
31.01875
43.85000000000001
56.63750000000001
31.799999999999994
39.53
26.1
19.395833333333336
27.555000000000003
39.454166666666666
49.36
25.406249999999996
23.181250000000002
28.974999999999994
45.0
82.2125
47.34
50.62000000000001
50.474999999999994
98.55000000000001
105.06
87.13333333333334
78.2
69.64
63.13333333333333
87.14
61.65999999999999
94.48
102.45
101.0
75.075
95.45
101.525
76.64999999999999
55.625
43.18749999999999
45.675
43.962500000000006
38.64
16.208333333333332
44.73333333333333
11.333333333333332
29.26666666666667
9.285714285714285
12.200000000000001
23.7
55.06666666666666
79.78571428571429
62.34285714285714
86.37142857142858
74.3625
69.325
81.05624999999999
70.85000000000001
58.53571428571429
80.94166666666666
86.06666666666666
91.7
98.72
84.25
75.98750000000001
92.8
96.96
102.76666666666665
80.30833333333334
59.075
59.81666666666666
79.33333333333333
93.48
85.47999999999999
101.24
82.66
100.58
93.84
64.58666666666666
43.95
54.17333333333333
56.45
94.02
84.50000000000001
83.03333333333333
82.48
92.42
65.86666666666667
48.56
28.68
33.019999999999996
15.1125
16.45
22.72
11.100000000000001
11.575
44.12
44.166666666666664
84.56666666666666
60.33571428571428
53.147619047619045
27.152380952380952
46.48333333333333
64.3
58.36428571428572
64.02142857142857
85.41428571428571
56.27142857142857
90.21428571428571
70.5
92.28571428571428
87.9
94.85714285714286
76.24285714285713
92.98333333333333
103.24
86.75
102.56
90.775
70.95
98.375
77.95
79.16250000000001
64.19999999999999
101.325
91.4875
68.48
98.16
103.525
101.15
100.48000000000002
102.66
79.08
68.95333333333333
62.61333333333333
45.025000000000006
35.862500000000004
22.366666666666664
18.905555555555555
12.277777777777779
14.466666666666667
10.56111111111111
9.02
11.161111111111111
14.95
18.266666666666666
25.840000000000003
34.85
72.0625
96.35000000000001
107.5
76.4
74.0
72.80833333333334
67.52
63.92500000000001
41.30833333333334
28.439999999999998
36.666666666666664
46.21666666666666
52.38333333333334
48.168749999999996
54.46666666666666
43.31333333333333
37.705555555555556
50.83333333333333
54.393333333333324
29.200000000000003
39.0
