12.234474
4.053041
4.658417
25.522685
5.877587
13.751641
4.559652
42.5791
4.512574
15.369178
7.26978
7.563952
9.442539
7.297511
5.40618
9.393947
62.237675
27.150577
6.272987
7.950928
10.101066
8.554972
5.076411
7.450389
14.548034
5.583794
5.316752
51.120879
5.816871
19.254921
19.648801
51.800424
21.115554
5.969678
21.390798
18.490525
16.366173
8.603471
16.532733
18.200821
17.482519
14.493804
8.221253
27.424569
5.671077
17.973355
16.477515
4.51301
7.5429
17.15463
67.76593
7.890925
5.438979
5.859167
7.281375
25.339701
17.623831
3.926534
6.215458
17.631471
20.021495
39.447704
19.357191
17.199554
22.430148
6.899093
55.964151
11.922969
67.925346
103.482379
71.407283
4.779477
6.00706
5.946758
96.586237
22.531236
5.401816
5.161385
6.083045
10.138053
8.696538
7.547643
5.413478
23.802566
19.406076
5.23298
142.764244
20.672733
19.823139
18.214251
18.117098
19.794917
18.89539
126.552552
24.791304
11.009651
22.756757
22.253322
6.155071
20.859536
5.992757
19.377765
4.702502
7.082622
20.446008
4.252987
6.160719
4.426682
4.974812
18.068579
17.700978
19.433119
22.853511
19.064025
15.274369
19.96177
20.073419
22.086116
5.429203
15.279637
5.741198
21.351986
6.72173
5.537346
16.542466
31.519992
4.738576
6.545798
5.393135
3.706178
32.964281
20.200009
19.409156
44.187188
21.496142
17.998847
23.025412
9.998609
17.228731
21.491572
19.059738
63.234629
26.282536
36.760403
21.898716
26.116172
26.090885
22.586267
39.142965
18.344864
3.929045
4.179646
17.808809
18.000098
29.676875
26.625608
30.731304
68.58599
52.35317
4.694532
7.643527
6.528755
7.303118
19.491947
16.539295
5.473183
7.664537
47.705855
24.302957
20.514566
16.763969
8.31638
18.584457
19.601806
12.627671
22.741502
15.937249
16.805108
18.393221
41.551885
35.961524
18.678171
45.82931
5.818733
5.903393
6.795178
6.505512
19.531084
20.144324
5.629125
20.634652
18.760099
4.83361
19.284543
21.08308
23.948642
67.084668
18.396541
20.969824
16.778491
18.005605
51.254215
16.687649
19.495491
21.219078
4.688574
11.056343
7.11468
22.244171
22.963009
5.76185
4.912775
20.143383
49.317443
25.231807
21.718471
38.346582
6.881531
6.414324
20.210228
9.471914
6.526895
22.574145
6.430524
4.579919
7.074744
21.738185
25.574909
19.032705
29.001953
33.247723
7.095221
7.926823
6.000927
38.927287
33.090939
9.414656
27.156507
68.475874
6.307223
7.788703
4.87162
5.498607
9.298728
222.555568
6.134461
21.63573
6.257844
4.876561
5.437124
4.219198
3.307067
6.810282
23.52316
62.549046
25.10543
68.521169
16.53267
6.199777
128.081215
19.104609
42.538425
68.656951
21.414777
16.251004
21.663704
93.883116
83.370856
21.252323
8.098622
19.081518
19.530351
24.998707
25.713499
21.431299
18.095479
22.012231
34.875898
6.655784
18.334798
16.269612
19.355524
19.161229
58.852028
61.502624
19.580297
18.853161
18.253516
19.480941
5.829103
6.177096
44.410429
85.809826
18.400563
47.620486
19.155119
51.903336
56.254384
20.29543
23.355956
6.47172
30.861024
20.051863
26.548037
41.990891
40.252487
90.524141
72.496027
48.263283
71.448468
5.357958
18.998041
4.040729
49.970178
20.2531
29.689192
42.721992
19.785808
23.500287
20.857409
21.600235
51.114319
21.604004
18.768835
20.682016
41.493226
44.780905
14.847951
21.488302
19.346553
18.444961
12.821429
5.831323
4.94534
18.518532
21.627245
22.15142
44.284807
19.418621
20.196472
42.831131
23.138985
19.580718
51.681002
22.965771
48.668539
93.003397
70.93455
34.644641
31.763624
23.241912
140.664605
21.316608
18.161567
38.894671
7.879268
6.543511
20.877594
52.690404
54.986273
93.410692
52.627878
16.396294
18.864578
6.608794
18.826576
4.822381
4.855314
9.109929
20.319749
5.997396
5.52975
5.515392
6.918629
19.672228
4.523445
37.590116
24.021646
5.54903
21.45212
103.630592
91.949168
81.351294
15.631824
22.478587
21.796033
5.989773
6.074672
61.981814
5.527594
5.929879
80.76106
6.277903
20.876354
4.790398
6.407324
21.854218
4.908519
23.172943
81.169798
