-0.37
-0.73
-1.0899999999999999
-0.73
-1.0
-1.18
-1.6300000000000001
-2.17
-2.17
-1.6300000000000001
-2.17
-1.9000000000000001
-1.54
-1.0899999999999999
-1.4500000000000002
-1.18
-14.77156862954661
-1.4500000000000002
-1.72
-1.99
-2.26
-2.89
-2.89
-3.34
-3.25
-2.98
-2.89
-15.585399798289215
-2.17
-1.45
-2.17
-14.743588305832128
-4.294
-2.755
-0.73
-1.45
-1.45
-0.73
-1.45
-2.17
-2.89
-2.17
-1.45
-1.36
-1.27
-1.18
-1.0
-0.82
-1.0899999999999999
-1.45
-16.100137647022894
-1.54
-1.9000000000000001
-1.8100000000000003
-1.36
-0.91
-1.18
-1.0899999999999999
-0.5499999999999999
-0.73
-0.64
-0.73
-1.27
-1.18
-1.6300000000000001
-1.6300000000000001
-14.56599186159487
-1.18
-15.665379461284658
-19.09
-15.64240019367336
-1.4500000000000002
-1.8100000000000003
-1.54
-32.407540509244996
-1.0899999999999999
-0.73
-1.0
-1.36
-1.8100000000000003
-1.8100000000000003
-1.36
-1.18
-1.387
-0.73
-0.37
-18.37
-0.73
-0.73
-1.0
-0.45999999999999996
-0.45999999999999996
-0.64
-18.189999999999998
-1.0899999999999999
-1.36
-1.18
-1.0
-0.91
-1.36
-0.91
-0.91
-1.18
-1.36
-1.27
-1.54
-1.45
-1.36
-1.18
-1.045
-0.5499999999999999
-0.5499999999999999
-0.5499999999999999
-0.73
-1.27
-1.9000000000000001
-2.26
-2.89
-3.34
-3.7
-3.6100000000000003
-3.34
-2.98
-2.62
-1.9000000000000001
-2.5300000000000002
-2.98
-4.123
-1.99
-1.72
-1.0899999999999999
-1.9
-1.36
-0.91
-0.45999999999999996
-0.91
-1.18
-1.4905
-0.5499999999999999
-0.55
-0.45999999999999996
-14.41366613942884
-0.55
-0.91
-0.82
-0.73
-1.0
-0.91
-1.18
-1.0899999999999999
-1.36
-1.54
-1.36
-0.64
-0.82
-0.73
-1.27
-15.458718421062926
-14.431115830941662
-1.99
-1.72
-1.99
-1.27
-1.54
-1.72
-1.6300000000000001
-0.82
-1.0
-0.91
-0.91
-0.82
-0.82
-0.91
-1.6300000000000001
-0.82
-0.82
-1.6318
-1.5579999999999998
-0.73
-1.45
-2.17
-2.89
-5.491
-4.978
-2.5300000000000002
-2.5300000000000002
-2.98
-2.17
-2.755
-2.755
-1.72
-1.9000000000000001
-1.72
-0.82
-0.82
-0.91
-14.955185903183338
-0.91
-0.82
-2.37862
-0.82
-13.706796203720021
-1.6300000000000001
-2.4400000000000004
-3.25
-3.7
-2.7100000000000004
-1.8100000000000003
-1.72
-1.6300000000000001
-1.54
-1.72
-0.82
-1.0
-0.91
-1.8100000000000003
-1.72
-1.9000000000000001
-0.91
-1.8100000000000003
-2.7100000000000004
-1.8100000000000003
-1.72
-1.54
-1.72
-1.9000000000000001
-1.8100000000000003
-1.72
-2.4400000000000004
-2.4400000000000004
-2.26
-1.99
-1.72
-2.17
-1.9000000000000001
-1.54
-1.45
-1.45
-15.718141531086696
-1.9000000000000001
-2.26
-2.17
-1.9000000000000001
-2.26
-19.54
-1.54
-1.45
-1.0899999999999999
-0.73
-0.73
-1.0
-0.91
-0.82
-0.37
-14.260266413729866
-0.64
-15.36249126903693
-1.0
-1.36
-18.591399999999997
-0.91
-0.8739999999999999
-14.778838539005362
-0.7363
-1.387
-0.37
-18.027559320100135
-17.750740503407794
-1.0899999999999999
-1.9783
-0.37
-0.73
-1.0
-1.18
-1.6300000000000001
-1.6300000000000001
-1.99
-1.9000000000000001
-1.72
-1.0899999999999999
-0.5499999999999999
-0.73
-0.64
-14.013378438020894
-14.434060057170715
-0.73
-1.45
-1.36
-1.27
-1.18
-0.5499999999999999
-0.55
-16.493448300097693
-0.91
-0.82
-0.7030000000000001
-26.20426351519077
-14.357633828834047
-1.0899999999999999
-1.0899999999999999
-0.5499999999999999
-16.921
-0.55
-1.729
-0.45999999999999996
-2.4661
-17.424259494827155
-17.78890196832779
-1.36
-16.276433982091064
-1.4500000000000002
-1.729
-0.45999999999999996
-13.561870445950643
-1.0944999999999998
-1.0450000000000002
-0.45999999999999996
-12.84568340135558
-0.55
-0.45999999999999996
-0.91
-13.51483937023648
-1.9
-0.45999999999999996
-0.45999999999999996
-0.37
-0.55
-0.64
-1.1881
-1.36
-1.9000000000000001
-1.9000000000000001
-1.72
-1.1881
-1.36
-1.27
-0.64
-2.4130000000000003
-0.64
-0.82
-1.4445999999999999
-0.64
-1.387
-13.383343081621522
-1.2655
-1.7061115061220022
-29.07931565316168
-15.996679211703512
-15.358521330411527
-16.705666453067014
-1.0027
-33.405099807760315
-1.4527
-1.9
-1.5579999999999998
-0.73
-1.0
-1.2466
-28.735349177097287
-31.24724817322394
-42.493136639073796
-29.613316091301506
-16.92001177149501
-1.36
-1.36
-1.8100000000000003
-2.26
-1.6300000000000001
-1.6300000000000001
-1.6300000000000001
-2.17
-1.6300000000000001
-1.4500000000000002
-1.72
-2.0709999999999997
-1.0899999999999999
-1.0
-0.82
-0.73
-1.27243
-48.9447756914917
-47.50432378881295
-17.630534692473297
-1.0899999999999999
-1.4500000000000002
-2.242
-2.0709999999999997
-1.4500000000000002
-14.838031939621658
-1.0899999999999999
-1.0899999999999999
-18.25285561815009
-1.0899999999999999
-2.7550000000000003
-1.72
-1.6300000000000001
-1.4500000000000002
-1.36
-1.8100000000000003
-16.90054238623058
