3.0997
3.301069
2.100905
1.696305
1.727624
1.743684
2.851364
1.718958
2.352216
3.048053
2.523588
2.243612
1.646862
4.079069
1.23064
1.986199
1.593832
41.619693
1.387646
1.305772
2.278348
1.741069
24.354205
2.414623
1.977473
28.870345
2.950649
1.642954
1.654346
1.747541
2.751275
1.383989
5.356497
1.316982
1.54956
2.535136
1.607369
1.641444
4.669335
1.67049
1.635994
1.439016
1.350661
3.166464
1.284968
1.293655
1.510762
1.603867
1.742316
2.098515
1.262547
1.703765
1.330515
4.7572
1.240717
2.715744
1.450991
2.601339
1.916364
5.01688
2.88448
1.630418
1.256427
6.48224
1.635588
1.238624
1.440543
13.62954
1.056733
9.442896
11.240981
1.47645
8.738305
1.442948
16.25541
1.128698
2.354157
1.489846
1.3212
1.802221
5.02045
1.239586
2.905863
1.383817
1.720148
1.464819
1.689851
2.714223
1.557663
2.63221
2.058894
1.346166
1.20951
1.407402
1.944388
1.600253
2.352896
2.830372
1.339243
1.632784
1.34783
1.50152
1.224911
1.42717
3.230466
6.787496
1.758021
1.057436
1.380633
1.764594
2.918029
1.236862
5.73615
1.349123
1.503964
1.925254
5.605634
1.468778
1.279923
1.354262
1.462065
2.729695
1.4276
3.019289
1.542005
7.973248
1.51809
2.092869
10.035208
1.159948
3.12737
2.665895
1.398194
1.815137
2.291471
1.352108
1.386883
6.954586
1.833472
1.293588
1.639918
1.358119
3.118043
1.609892
1.53392
5.215019
1.759242
2.810386
9.032534
1.4386
1.606806
1.142134
1.501338
1.974797
2.419511
1.553025
1.491911
1.777146
1.897081
1.165057
1.340817
1.197988
1.766896
1.533679
3.536068
3.097975
1.35867
1.331409
1.322822
1.544545
1.202943
1.222469
1.42516
1.553531
9.96766
1.309662
1.247205
1.462559
1.3143
1.130214
1.869022
1.153557
2.12875
1.783481
1.524124
1.306525
1.170148
1.412795
3.139469
1.516529
1.652033
1.204433
1.700234
2.172751
1.585357
1.878137
1.223628
3.255694
1.470452
1.489097
1.276237
6.754886
1.603672
2.624459
2.681265
1.489407
1.608972
2.077441
1.465983
1.662932
1.121566
1.261779
1.314478
1.394789
1.265296
1.348032
32.635118
1.218769
2.139467
2.148073
1.129111
1.178142
1.35792
1.229869
1.410268
1.579866
1.4648
1.169335
1.99182
1.469098
1.591769
1.439072
1.445785
1.466563
1.481312
3.549775
1.231873
1.333143
1.521153
3.494797
3.554429
1.421988
1.782956
1.728454
1.285583
151169.601866
5.646318
1.779009
1.815788
1.196746
0.881555
15.196473
1.089564
0.758914
2.787342
1.544098
6.997826
1.792535
13.274638
1.893675
1.416199
1.760234
1.696775
2.095884
1.26821
1.626062
1.892172
1.518882
1.433821
2.108498
2.097597
1.712695
1.323945
1.719719
1.397073
1.394928
1.393566
1.886732
2.163602
3.071476
1.487322
2.966168
1.408194
1.250678
1.322161
1.52358
1.735608
3.700978
2.337808
2.050089
2.287214
3.546738
1.879969
2.188979
2.071238
1.372116
1.057184
2.079864
1.588928
1.373976
3.164093
1.414603
1.601974
1.709616
21.2016
1.896958
1.480787
1.887821
12.631674
1.465038
1.612355
1.638564
1.584813
1.570837
1.836987
1.301542
3.060993
1.46563
1.548095
2.793792
1.419293
1.776604
1.644385
1.805037
1.128587
1.432619
2.084412
1.77467
1.39117
3.587071
1.942475
1.591657
1.712544
1.484506
1.412882
1.539579
9.205696
3.684816
1.574055
1.846897
2.812509
2.124738
2.022145
6.63381
4.024272
2.16879
3.300985
2.934858
1.198359
1.695872
2.105883
2.239464
1.33754
1.345044
3.463561
1.477684
1.367317
2.176426
1.781865
1.587299
1.398063
2.025892
1.51309
2.152942
1.505696
2.300307
1.313275
4.688375
3.198063
1.808831
6.91042
3.273053
3.641104
2.2081
2.424276
2.541045
2.42655
9.11064
2.460634
9.292229
1.997824
1.563267
2.654928
7.62309
3.457555
1.683652
3.733052
2.324947
1.532419
9.15233
1.255328
1.270316
1.518833
1.62421
1.544902
1.130082
5.714282
1.377307
1.807695
1.716864
