-0.73
-1.0
-0.91
-0.45999999999999996
-0.45999999999999996
-0.73
-1.0899999999999999
-0.73
-0.73
-2.0709999999999997
-1.4500000000000002
-1.8100000000000003
-1.54
-1.9000000000000001
-1.36
-0.91
-1.18
-1.36
-1.27
-1.9000000000000001
-1.27
-1.54
-1.45
-1.36
-0.64
-1.27
-1.18
-1.0
-0.82
-1.0
-1.36
-1.72
-1.6300000000000001
-1.4500000000000002
-1.36
-1.18
-1.0899999999999999
-1.45
-1.1557
-1.387
-0.37
-0.55
-0.9514
-0.8739999999999999
-0.64
-0.73
-0.82
-0.91
-1.6300000000000001
-1.6300000000000001
-1.54
-2.17
-1.45
-0.73
-1.45
-1.72
-2.4400000000000004
-2.8000000000000003
-1.8100000000000003
-2.7100000000000004
-2.5300000000000002
-2.4400000000000004
-1.6300000000000001
-1.9000000000000001
-0.91
-0.91
-1.729
-0.91
-0.82
-0.73
-0.73
-0.64
-0.5499999999999999
-0.55
-0.45999999999999996
-0.9154
-0.8739999999999999
-0.37
-0.7363
-1.1026000000000002
-1.2160000000000002
-1.0899999999999999
-1.0899999999999999
-1.9738000000000002
-1.5913
-0.7686999999999999
-1.4527
-1.4527
-3.0519999999999996
-2.1691
-2.0474829999999997
-1.128097
-1.0989369999999998
-1.4579476299999998
-1.6210000000000002
-1.377343
-2.12743
-1.97866
-2.242
-0.5994999999999999
-1.0944999999999998
-1.127386
-1.3662459999999998
-1.8449200000000001
-2.35369873
-1.5165025867
-1.8133681536999997
-2.1183400000000003
-1.862811833833
-2.1652344721629997
-2.5659460000000003
-1.8001000000000003
-1.387
-0.64
-1.2736
-1.3141
-2.0521000000000003
-1.6237
-1.4527
-1.5013
-2.4706
-1.330624
-1.900864
-1.92079
-2.0709999999999997
-1.6300000000000001
-1.99
-2.26
-2.5300000000000002
-3.25
-3.25
-3.7
-3.6100000000000003
-3.34
-2.98
-2.89
-2.62
-2.98
-2.17
-1.99
-1.72
-2.17
-2.17
-1.6300000000000001
-1.1439549999999998
-1.1880549999999999
-1.6335549999999999
-1.6876095400000002
-1.8125835399999999
-2.40710995
-2.1672194499999997
-2.2319811046000004
-2.2544577046
-2.6490880000000003
-1.4142530650449698
-2.3279993504497
-2.77543
-2.168173
-1.92972343052467
-2.51358212744137
-2.8584463061669565
-3.062252593414
-2.6919131275540003
-2.80498811540473
-3.4015621087472203
-2.364011255027229
-3.1998618431052868
-3.5226672295726003
-2.9910879550000002
-2.7230230000000004
-2.36323
-1.729
-1.0
-1.8100000000000003
-1.72
-0.82
-0.82
-1.6318
-1.9819
-1.8028
-1.6885
-2.8206999999999995
-1.5177429999999998
-2.168173
-2.2522477600000004
-2.52185536
-2.555101
-3.0519999999999996
-2.1691
-1.8142992505
-2.6955472554999997
-2.7972009141400007
-3.3760792000000004
-2.6659000000000006
-1.8109000000000002
-1.8109000000000002
-1.9750999400203328
-3.1249939962784605
-3.272476869743733
-3.5378632246742336
-3.9694852978724984
-3.9673
-2.755
-1.45
-2.26063
-3.17269
-2.8612
-2.42627347
-2.7508141
-2.9437750000000005
-2.7027910000000004
-2.5067878619682995
-3.574578412495
-3.218591782945
-3.3487302823910623
-3.553744056315676
-3.722269233430894
-4.024247634615341
-4.150251280000001
-3.3202000000000003
-2.6902
-2.3887
-3.89548
-2.5273000000000003
-2.0502523
-3.102517
-2.6128
-3.1708000000000003
-1.7048619999999999
-2.435482
-2.53478557
-2.87649127
-3.5215444413999997
-2.9793769840000004
-3.63214
-3.0484
-2.7550000000000003
-3.6100000000000003
-2.5300000000000002
-2.26
-2.62
-2.5300000000000002
-1.9000000000000001
-1.9000000000000001
-2.597522707
-20.352194052399998
-3.1366368064000003
-3.18466297
-3.459947230000001
-3.8474173000000005
-0.73
-3.7452704383360005
-3.780876673
-3.9835
-3.1999559500000005
-2.282846432545
-2.4725425859150496
-3.73640586511555
-3.883694219220367
-3.9782066157525193
-4.1685158219455
-4.170845107000001
-4.753909
-3.507472
-2.9882528857000006
-3.1334644270000003
-2.87649127
-2.8160178197451877
-3.872484592427491
-4.203759746503216
-4.506827102162587
-4.167295986896329
-4.555978371862316
-3.2827544149559587
-4.531722149038184
-4.9641829873640555
-4.618421381620133
-4.856404927547802
-5.089264748976084
-3.5777263572999995
-3.8750084075771474
-3.074147671189196
-5.0536556869374225
-5.177840878272324
-5.375803284045377
-4.398424549594995
-4.8851571520000014
-3.881710000000001
-2.7064000000000004
-3.3985000000000003
-2.9179000000000004
-4.92535
-3.2437
-3.3397807892905
-3.2374089999999995
-3.111564855183944
-4.249041806464394
-4.4204912212734255
-4.750179239750951
-4.9440927597129996
-3.9326787871300013
-3.5857630900000004
-3.6225911135338262
-4.814440304099045
-5.290537375405856
-4.8208349357502405
-4.347817733952641
-5.7759751
-3.7720270000000005
-4.41406
-2.8854999999999995
-2.3311206999999996
-3.4398910000000003
-2.9393200000000004
-2.62171
-2.75171338
-3.2311271800000005
-3.3551700130000004
-4.1434299999999995
-4.155172480000001
-4.616765636966555
-3.732822132247345
-4.75655138839975
-4.9617417265149975
-5.226295901058054
-5.588653235230002
-3.9355658816460366
-3.7825128008682105
-5.632333646235476
-4.271949093727
-4.240267199825899
-5.496062469489601
-5.8430519674652075
-5.502935740497745
-5.811101844794706
-6.147851038293871
-4.786325566819433
-4.4561760355
-4.6890603550000005
-3.9358
-3.4633000000000003
-4.123
-1.9000000000000001
-2.4067
-3.359611
-4.23901
-3.4390000000000005
-1.8100000000000003
-2.7469810000000003
-2.8625286781000003
-4.459905459100001
-4.190698633275669
-5.634032942047474
-5.829573262821248
-5.258985874515752
-5.409030342745217
-4.48775735407417
-5.831050293741699
-4.29503491
-4.356096674408961
-5.510831770508295
-5.935641332479493
-6.122990826346759
-6.311725561889387
-6.289141811707001
-5.071903612300002
-3.6112193919999998
-3.56278969
-4.90852
-4.06
-2.8854999999999995
-3.7486000000000006
-4.59703
-3.7486000000000006
-3.1294567
-3.382075
-4.268656
-4.0393360000000005
-3.8404767396381434
-4.743633341465764
-4.737309654214517
-6.431760918083291
-6.647541352899914
-4.95922960278973
-5.20163398936311
-6.737615970484721
-6.037692612627
-6.359924665245542
-5.756396015770595
-5.944394865470696
-4.55081949856
-3.802742881655738
-4.944339556613115
-5.1749564780125
-6.04395631338062
-6.38093568185904
-6.737443308902458
-7.143556518623672
-5.6848558871323
-4.775021105084532
