23.974999999999998
12.612499999999999
7.6
3.29
4.86
5.85
1.4
2.3583333333333334
3.375
3.7624999999999997
2.5333333333333337
1.6066666666666667
1.77
2.23125
4.8
1.4400000000000002
3.4000000000000004
1.2
1.1642857142857141
2.1642857142857146
1.7952380952380953
1.6499999999999997
2.175
1.5125
1.635714285714286
3.571428571428571
2.55
1.625
2.54
3.3125
1.5
2.34
1.0055555555555555
1.011111111111111
1.9333333333333333
0.15333333333333335
0.8333333333333334
0.5499999999999999
0.25
0.17500000000000002
0.27499999999999997
1.975
0.54
1.24
1.48
1.9666666666666666
2.157142857142857
1.825
0.7555555555555555
1.3444444444444446
1.6222222222222222
1.56875
1.7083333333333333
0.76875
1.7874999999999999
1.825
2.488888888888889
1.966666666666667
2.8866666666666667
0.79
1.2333333333333334
0.6740740740740739
0.15555555555555556
0.7722222222222224
0.455
1.8399999999999999
2.09
1.5
1.3444444444444446
2.2875
2.3375
2.4
2.7
2.6333333333333333
4.06
2.68
2.22
2.9499999999999997
2.05
1.025
2.32
3.283333333333333
2.7333333333333334
1.4333333333333336
1.6400000000000001
0.9375
1.775
1.6125
3.1125000000000003
0.8333333333333334
1.3916666666666668
2.2125
2.45
2.275
0.22499999999999998
2.94
2.7750000000000004
2.4250000000000003
2.2800000000000002
0.5750000000000001
1.7666666666666668
3.7833333333333337
2.64
4.12
4.57
3.7375
3.075
4.475
3.54
2.35
2.5
1.92
1.35
2.1
0.9857142857142855
1.0142857142857142
2.333333333333333
2.1285714285714286
2.2875
2.9749999999999996
2.2142857142857144
3.8142857142857145
2.257142857142857
2.7285714285714286
3.1333333333333333
2.65
4.127777777777777
2.3809523809523814
1.8541666666666667
1.137037037037037
0.8583333333333334
0.7194444444444444
0.22999999999999998
0.32999999999999996
0.4583333333333333
0.17187500000000003
0.5093749999999999
0.33571428571428574
0.2625
0.4291666666666667
0.3238095238095238
0.3944444444444445
0.6583333333333333
0.17916666666666667
1.2833333333333334
0.9166666666666666
2.1
0.9166666666666666
2.62
2.58
2.6
3.5833333333333335
3.5000000000000004
2.64
3.01
2.04
0.35000000000000003
4.8125
1.9124999999999999
3.5999999999999996
2.7250000000000005
3.35
3.66
2.28
4.625
4.8875
3.675
5.2
3.2199999999999998
3.2333333333333334
3.0142857142857142
2.2875
1.9444444444444444
0.09
3.04
2.0666666666666664
2.1222222222222222
2.6333333333333333
2.111111111111111
0.08
1.5555555555555556
0.17500000000000002
1.5999999999999996
1.2875
0.9875
0.7714285714285716
0.7571428571428572
0.8
0.7000000000000001
1.5583333333333333
0.8666666666666666
1.3666666666666665
1.8399999999999999
2.05
2.6
1.53
2.6799999999999997
2.2
3.04
2.375
4.725
3.937500000000001
1.2083333333333335
1.775
1.0312499999999998
2.8666666666666667
4.258333333333334
1.26
3.141666666666666
2.7875
1.8799999999999997
1.71
3.9800000000000004
4.433333333333334
4.433333333333334
4.2
2.24
2.925
6.12
0.18
1.1
0.8
1.4083333333333332
0.6642857142857143
0.5428571428571428
0.6285714285714286
0.725
0.5333333333333333
0.1277777777777778
0.14444444444444446
0.17777777777777778
1.1875
0.43749999999999994
0.325
1.5142857142857145
2.6142857142857143
1.2875
1.3071428571428572
1.2523809523809522
1.7321428571428574
1.1541666666666666
2.3214285714285716
1.4285714285714286
0.8095238095238096
0.8476190476190477
0.12142857142857144
4.542857142857143
3.5428571428571427
2.4833333333333334
1.7714285714285714
24.737499999999997
1.0
1.5428571428571431
9.2
2.9083333333333337
1.8555555555555554
1.1083333333333334
2.6
1.866666666666667
1.96
1.68
1.2833333333333334
0.1
0.7928571428571429
2.3916666666666666
0.4699999999999999
0.5
0.775
1.2
4.35
1.7000000000000002
4.42
1.175
0.9125
0.95
2.7250000000000005
4.96
2.375
3.1
4.5125
4.15
1.19
2.82
4.575
2.9499999999999997
2.3
3.7000000000000006
4.609999999999999
1.08
2.346666666666667
2.166666666666667
1.6399999999999997
0.7944444444444445
0.29444444444444445
1.3333333333333335
2.2916666666666665
2.35
2.9833333333333334
0.14
1.9666666666666666
0.10833333333333332
2.01
1.7399999999999998
1.12
3.66
2.7666666666666666
2.5285714285714285
1.2285714285714284
2.0714285714285716
3.8857142857142852
1.55
2.03125
2.0875
0.4555555555555555
0.56
0.13
0.4222222222222223
0.26666666666666666
0.3125
0.48125
0.16428571428571428
0.6333333333333333
0.7666666666666667
0.46666666666666673
1.6399999999999997
2.96
3.2300000000000004
3.3375000000000004
3.975
4.1875
2.9749999999999996
3.125
6.2
3.12
2.8249999999999997
2.35
7.425000000000001
8.02
1.5083333333333333
3.444444444444445
9.909523809523812
0.8833333333333334
1.0625
1.05
0.8416666666666666
0.6000000000000001
0.6933333333333334
1.33
3.175
1.1066666666666667
2.1
2.67
2.04
2.7
1.25
1.6
1.1714285714285713
0.9666666666666666
2.558333333333333
1.7166666666666668
1.633333333333333
2.02
1.225
1.075
1.72
1.73
1.0933333333333333
0.7916666666666665
0.7375000000000002
1.0416666666666667
0.41874999999999996
0.975
1.48
0.7166666666666667
0.9750000000000002
1.89375
1.2916666666666667
1.5466666666666669
5.1
2.88
1.5250000000000004
3.175
4.8
4.1375
3.5249999999999995
2.6750000000000003
2.46
3.7800000000000002
2.5833333333333335
2.35
3.0571428571428574
2.575
3.6999999999999997
1.6857142857142855
2.466666666666667
3.6799999999999997
6.175000000000001
5.300000000000001
7.8625
3.2099999999999995
