76.155238
76.155238
76.155238
37.916582
37.916582
37.916582
20.373181
0.0
33.810275
38.806578
29.327295999999997
20.434203999999998
0.0
30.967381
26.561887999999996
26.763256999999996
23.610124000000003
35.598464
35.193864000000005
28.350465999999997
45.115112
45.13117200000001
44.195176
52.412071999999995
51.279666
26.565342
25.659908999999995
26.355745999999996
18.023221
17.498756
29.567867
61.527453
60.930703
24.213842
16.11652
13.268091
110.314984
112.12139400000001
111.72902700000002
228.622883
55.239042
15.006995000000002
20.732537
16.978308000000002
28.227479000000002
19.672655000000002
19.135376
35.620929000000004
39.814343
17.874761
28.768863
17.225151000000004
44.118023
35.501243
72.779343
71.471648
15.165032
30.441923999999997
30.535118999999995
43.004842
107.29068600000001
105.9234
55.452342
59.42485
20.510056000000002
29.601323999999998
29.833902
28.981546
24.139327
23.21156
20.19115
23.748476
26.776367
40.160755
24.703085
24.668589
46.187852
45.62267000000001
45.53431500000001
39.240821000000004
18.301266000000002
16.41977
26.279011
36.151421
36.368528
15.228477000000002
19.771303000000003
19.909752
26.986873
76.14473
75.30876199999999
17.873150000000003
18.314368
18.045958
16.781067
20.207752000000003
14.791919
143.24132699999998
144.716354
23.678625999999998
65.725809
66.87615699999999
14.841796999999998
25.481195000000003
28.581711000000002
50.625109
78.107459
76.85339700000002
28.983908999999997
31.432893999999997
36.658707
45.712393
17.196089999999998
16.799126
62.979271000000004
20.071697
32.260694
92.53377400000001
110.65243099999998
119.03859399999999
107.69816200000001
88.84384800000002
12.451511
18.615606
25.877461
39.898792
203.971386
218.783848
39.640257999999996
15.726789
16.952248
26.718233
21.751626
21.582980000000003
21.127765
16.606189
19.824418
21.943884999999998
18.163020999999997
23.891962999999997
35.268119999999996
33.746074
30.795749
13.459467
13.204138
151.465601
71.196273
72.220645
30.013231
33.87536
34.949907
28.854898
27.762038
27.049310000000002
27.318917
155.067453
155.265345
31.585515
17.521852000000003
17.177717
30.44222
29.413819000000004
29.891295000000003
14.798892
28.520323
28.813864000000002
162.001897
26.197372
26.524587999999998
11.098845
24.248561
29.397928999999998
31.201224999999997
21.716111
18.525208
13.495733
10.152455
17.945197999999998
26.172165
26.556126
26.286819
29.530629
31.269854
93.624625
30.289611999999998
22.471110999999997
23.447454999999998
27.576326
28.109265
32.529565000000005
33.18884
15.915550000000001
15.726695000000001
23.746062
23.820400999999997
20.353319
32.187108
33.454738
188.25943500000002
16.623939
18.215628
78.836775
37.718188
44.14943099999999
115.026188
15.914525999999999
16.489304999999998
151.153075
159.095414
35.686603999999996
52.431907
54.399329
29.778789
32.897769
31.630067999999998
135.215936
33.16757
33.643904
29.500346000000004
32.647493
32.682268
18.795563
31.240625
26.119511000000003
29.416358
27.41455
27.76088
68.82889
33.390328000000004
35.150252
75.843627
30.772091999999997
30.696119999999997
35.247684
38.928782999999996
42.223808000000005
29.666417000000003
30.717561000000003
60.045683
37.848434
30.2545
11.647012
17.004559
16.539887
25.724757999999998
24.854625
25.328083999999997
41.227787
38.510827
37.644341
37.774736000000004
92.05580499999999
92.34103999999999
61.183395000000004
13.903637999999999
13.171613999999998
34.81448699999999
15.737782000000001
15.594953000000002
16.973179
17.542087
27.00982
23.73408
25.736469
14.446226
17.836610999999998
16.097306
74.098715
30.545435
26.712425
27.553265
24.121327
15.129403
15.028122
25.361601999999998
25.68853
19.424059
27.838188000000002
29.297968
29.28471
23.220441
23.034457
26.478638999999998
47.890417
49.005123000000005
46.211767
26.647115999999997
25.931650999999995
52.546621
18.608556
18.263287
16.12583
22.995047
22.777448
26.943481
29.965257
30.207904
192.953119
193.438682
48.880928000000004
28.207698999999998
26.678262999999998
26.230663
11.259933
10.733163000000001
78.511801
28.468390999999997
27.716397999999998
40.315563000000004
76.02841499999998
75.58358
28.025835999999998
44.119751
43.039382
25.754317999999998
26.966373
26.617117999999998
64.148131
31.177601999999997
29.080792
30.101579
29.910631000000002
73.18115499999999
71.989297
25.319416
25.438981000000002
16.864677999999998
35.501044
34.889586
36.80542199999999
15.863148
15.321782
11.888604
28.340044
38.694997
146.96862299999998
33.196221
31.608742
28.178142
62.65948399999999
93.94657
13.055774
17.432823999999997
18.353521999999998
27.672439
48.151449
47.132487000000005
17.644029
29.101460000000003
29.281238000000002
13.472427
11.012948
13.465043
12.834717999999999
30.072203000000002
29.108313000000003
32.963181
25.907232
36.810103999999995
36.287382
70.009775
15.071245999999999
14.918548999999999
90.784612
22.160598
22.181376
47.026413
47.041162
51.075754999999994
28.431449999999998
26.113547999999998
54.748202
196.168472
196.356482
18.313195999999998
21.278953
21.338585
28.315286
13.763744
14.124712
18.976698
328.034021
327.59114999999997
22.934796000000002
22.934796000000002
53.228756000000004
13.879457000000002
13.879457000000002
14.705427
14.686152
1008.129788
1008.129788
2006.8442049999999
2006.8442049999999
2006.8442049999999
2005.79709
1014.024761
17.932978
21.4184
39.95828600000001
74.638565
71.860231
34.595240999999994
77.582587
91.897505
59.892815
14.320579999999998
15.303644
178.235943
28.639736
27.396492000000002
294.538433
69.502929
84.50196300000002
33.017647000000004
95.66425799999999
27.026972
31.362218999999996
102.333127
113.87107400000001
103.211759
31.360667
32.200503
116.113798
15.883764000000001
26.883793
27.090742
26.542091999999997
33.195495
34.330755999999994
34.665453
30.261675999999998
26.875992
26.947885
32.937098
43.527367999999996
42.914248
18.225655000000003
26.151181
25.630384
24.217211
27.030379999999997
27.700077999999998
28.487666999999995
67.30035799999999
75.72331999999999
28.115039000000003
41.139919
42.250433
28.791969
26.039071
27.336237000000004
13.23234
14.839887
13.945889
53.540788000000006
62.897222
103.22862400000001
30.99692
38.611694
67.286194
82.222372
81.15129100000001
60.33091700000001
69.801856
63.746808
27.877393
31.377685
41.819866999999995
24.792623
12.660689000000001
52.306672
41.167851
44.315261
38.219074000000006
52.754469
50.005756999999996
48.260781
104.809084
101.629034
133.362247
55.131262
64.145747
108.535728
35.984473
15.346480999999999
29.397005
26.564763
21.436396
65.623447
70.637355
29.101137
37.623034
37.387072999999994
52.34268000000001
28.591436999999996
28.092361
31.047936999999997
30.346570000000003
29.806658000000002
40.600972
58.398174000000004
71.152515
28.228043000000003
25.454599
26.386787999999996
28.637131999999998
47.811552
56.532575
55.085922
21.922416
53.499389
52.994211
36.420491
36.724523
20.384192
16.652851
14.893649000000002
15.583632999999999
26.007534999999997
29.492846
33.388556
30.159008
35.286120000000004
57.795331
26.287873000000005
28.846846
29.347264
51.161745
32.421175000000005
31.088674
34.947738
59.722955
61.049524
30.778926000000002
58.00358
57.48711
102.35892600000003
78.932851
79.00737199999999
57.039543
57.039543
46.96013400000001
38.590278
38.590278
149.358843
93.98958400000001
93.98958400000001
28.132831000000003
49.38414800000001
49.14500000000001
15.876857
16.077375
15.779246
29.897503
58.781516
59.046614
69.432496
102.557009
102.75339799999999
77.19047
25.294946000000003
25.294946000000003
26.002677
13.678644
13.678644
26.222026
12.350409
12.017054
13.022642999999999
16.251913
28.041853
28.285341
13.346831000000002
184.963276
188.317322
18.084405
22.314649
24.351128
34.856978
33.11922
31.576217
61.28171400000001
61.66321000000001
33.130607999999995
19.851212999999998
21.076135999999998
33.670745000000004
112.774637
111.927314
99.419717
90.92522500000001
89.82527800000001
32.037502
32.78315
33.290873
107.57817900000002
106.70886500000002
29.712563
43.638836000000005
28.086527
73.08394200000001
26.024749
25.589942
15.283301000000002
87.933273
87.939263
16.23179
29.55234
34.579974
165.70803800000002
37.240708999999995
20.503129
34.028493999999995
17.651933
12.409346000000001
29.971964
87.11484300000001
88.41512499999999
88.41512499999999
88.000305
92.584505
92.584505
88.24753
88.67791799999999
88.67791799999999
88.587087
88.587087
