-0.8
-0.3076962004966907
-0.42722441099945235
-0.31836733892781954
-0.8
-0.2574451661830034
-0.2526066986688512
-0.21640264402491158
-0.20273275760072149
-0.21027373858412873
-0.6499999999999999
-0.20121916460744213
-0.253565739378838
-0.30141429882210874
-0.26539964974129004
-0.2516763488057946
-0.30471433399620396
-0.5771193167303494
-0.2610669846540853
-0.30153078853854787
-0.2596079616991728
-0.22138879073378032
-0.15020978704252222
-0.20025959372736582
-0.25016612551209655
-0.7941014028690692
-0.30726928132485204
-0.3381760910819372
-0.3030719500115362
-0.2523389712817735
-0.2511545968201074
-0.20065905584061575
-0.15046324251652174
-0.1510715458448006
-0.10050750011268729
-0.10023054852880786
-0.13264999704081368
-0.18476625420414858
-0.6
-0.10257301203197741
-0.1528281342243043
-0.258136872343495
-0.2506004251838929
-0.2003111744918397
-0.2006740872810442
-0.15020815309067737
-0.20013214973022608
-0.20024382358047976
-0.2214590012537716
-0.18588394921431337
-0.33904657849414527
-0.20502481229200314
-0.2517976133639671
-0.301980120406018
-0.3142117896361183
-0.2519669993511387
-0.46609845162945784
-0.22450379732560075
-0.25905310776690965
-0.25728593733947325
-0.20052711767816966
-0.15140153193294878
-0.1503463493063933
-0.10017140210139906
-0.1002112731918403
-0.10029670028519369
-0.10053835420155599
-0.15015457877266591
-0.1002018697547017
-0.1003357775653861
-0.1001195516491571
-0.15020729661923318
-0.15029414221574497
-0.20014678151008994
-0.2008747310682247
-0.4800097395687568
-0.2706500252644561
-0.22274838879393688
-0.16166218614074077
-0.15187762369875935
-0.2011717017854862
-0.1502792362071001
-0.10241637943981449
-0.10043828090659791
-0.10043485483654052
-0.15027693743095027
-0.10069388733069587
-0.10031522333178484
-0.10014341853235158
-0.18341013207549153
-0.10598540156355318
-0.24301600439829266
-0.10206274736192293
-0.10167375284976458
-0.37574385855794656
-0.20050563336009103
-0.2504331613391305
-0.30071694947966887
-0.3063358535663063
-0.75
-0.2505286898917912
-0.2645603923178248
-0.5322911244463188
-0.333976148546043
-0.3020583853735032
-0.2521172900386167
-0.25040841527535435
-0.2502798177472371
-0.20066670747226897
-0.1501603757660636
-0.15013817763175466
-0.20014911413867525
-0.20011983937042507
-0.2502139654836671
-0.30012074355700347
-0.30012332042435136
-0.25108110666847966
-0.20033966039027515
-0.15017417789381377
-0.10017417789381379
