-0.8
-0.3011190701289118
-0.3027376451003232
-0.30033249806617734
-0.2517674481180972
-0.20024366216853764
-0.15075133481456793
-0.15026833173818238
-0.1001316921116681
-0.10047293976992394
-0.15045032192268218
-0.20137186998965745
-0.2003039259371934
-0.25019833854173956
-0.3269257236293233
-0.2502100650778858
-0.25009414003214236
-0.25013786018840145
-0.20048023266765272
-0.1502300217901161
-0.10010571083316971
-0.10012590269886587
-0.10016885156984615
-0.10013689114446862
-0.1501167607976391
-0.1001778934384691
-0.10025110220414221
-0.10017226581342117
-0.15013696992516748
-0.4034057525332372
-0.2504579170453736
-0.30060334753706075
-0.25017217373325124
-0.2000987968818537
-0.2501230971700719
-0.2554596831945043
-0.20263487242454511
-0.7
-0.15011974949798268
-0.15013203302016528
-0.1501445842974391
-0.7
-0.20057287223182216
-0.2502763917870372
-0.8
-0.30017276921917657
-0.2500879276846003
-0.25014182341263613
-0.3002755570570384
-0.2501445374597149
-0.20010384499736295
-0.25017812140661044
-0.2501176083509086
-0.3002067655158259
-0.2501132023257143
-0.2000941174412456
-0.15026433574171283
-0.10026932963654807
-0.10020775151180267
-0.10082272174416286
-0.1501789244012785
-0.15011696936279692
-0.2002685094326034
-0.200085065598911
-0.3506617713370517
-0.2501123845018517
-0.3001099777468619
-0.30023438210495446
-0.2544092771527765
-0.20366593993554316
-0.1501185577334536
-0.10011552474052897
-0.10010127538366237
-0.10011180273727202
-0.15010426955045156
-0.15011702279100445
-0.27167118364577475
-0.20010873481674357
-0.75
-0.31072492099573795
-0.3002101360918828
-0.25010726531849553
-0.25036191741269503
-0.22099668913569728
-0.15015260934834163
-0.10025613569878117
-0.10016715920986292
-0.100091176760367
-0.15012346331211882
-0.7
-0.2002044131881243
-0.25011282305548066
-0.250151327350947
-0.20018225291721076
-0.6499999999999999
-0.10017567564654245
-0.10016169902077274
-0.4302053603791636
-0.15019736050758092
-0.15059637443159604
-0.20011389223687293
-0.2781604759211353
-0.2501074647310776
-0.29400394646781347
-0.15010522175169272
-0.15009865899185765
-0.15015852210448563
-0.20013288649959865
-0.2501036571388137
-0.25010807672346963
-0.30029138071490513
-0.300110937765999
-0.25013111796017795
-0.20010178628574452
-0.15010115250994602
-0.2002475178525042
-0.25020993795697116
-0.3001336888890954
-0.3001501497872338
-0.2501501497872338
