-0.8
-0.30035871518272905
-0.25044405601338054
-0.20019521861712966
-0.20786939693970402
-0.2501254023511724
-0.30045017184038975
-0.2502199786971962
-0.2505195830747947
-0.25017348955180063
-0.2500982474579767
-0.20025215585723047
-0.15015033238020842
-0.10057043926862169
-0.10023169180089204
-0.10083810610611108
-0.15019425091715155
-0.2002834965755967
-0.2001719922430765
-0.15015994745857603
-0.15015950693125169
-0.10019507121767575
-0.10039809289294259
-0.15025672548888697
-0.15010603968145453
-0.20023471985830962
-0.25008845954929426
-0.30015610768289247
-0.25012139140098966
-0.2640526092417343
-0.1501268031703018
-0.10010503658423277
-0.10022290285395834
-0.10012152046815062
-0.10017423298144394
-0.1533279597607182
-0.15016652998401878
-0.20798447287502336
-0.20011351118489584
-0.2501326730782639
-0.300084960862624
-0.30009938806579906
-0.25030609393870445
-0.20011137008011207
-0.7
-0.25011318489389844
-0.25009350647738476
-0.3005181496209427
-0.3001962923986499
-0.2501264273764463
-0.20021266483406794
-0.15013343805696677
-0.10011691525748906
-0.10013072205837156
-0.10036435258687766
-0.15018250277482073
-0.2001146503861533
-0.2001554552710205
-0.15015803292184102
-0.18410952821619742
-0.10009885729814619
-0.10206977953841072
-0.10011946363842075
-0.10009997692180503
-0.15013378473380617
-0.15010849231895185
-0.20014093743155706
-0.1502255297420576
-0.16772782486933288
-0.20011840418215376
-0.20019772279887138
-0.28058614730601306
-0.15020571273612024
-0.10016605848474877
-0.10025161162064364
-0.15015820031461855
-0.1500892225113735
-0.20013217824827786
-0.2501857962625513
-0.2501311958673824
-0.30012695187073885
-0.3001113921335712
-0.25019623901437804
-0.2002115005031417
-0.20014163510172409
-0.25048322386943755
-0.25034351314453385
-0.3001346708128628
-0.3001951685174477
-0.26049084282857715
-0.2001460201623903
-0.15129467724412946
-0.15174079881754926
-0.10009127315472985
-0.10685550581763198
-0.10035047500005245
-0.1504662332493898
-0.10027626228176943
-0.1001035506340278
-0.1001944385245742
-0.15007955728891334
-0.23876330681090177
-0.20010011345011425
-0.2532385707256657
-0.25023779811183133
-0.30018191969935965
-0.30009089964029917
-0.25010922755617526
-0.30019715365067623
-0.3002014357980944
-0.2501257596707679
-0.25014075170454697
-0.2001866247738501
-0.1501335761923261
-0.15011658376693007
-0.10014990454288261
-0.10975668572197406
-0.10015682377312436
-0.15046008045547885
-0.20046008045547883
