-0.8
-0.25020905773212243
-0.2501183334922863
-0.3014937798181236
-0.8
-0.30069620603517067
-0.2501347887642942
-0.2501384476732917
-0.30011455639609746
-0.25394770171427644
-0.3001265754674273
-0.3001565188699394
-0.2501060622915248
-0.3001085310648596
-0.3004000123856436
-0.30021193523034206
-0.2501397336593407
-0.200151588929187
-0.1501808282906837
-0.15008353157555518
-0.10007984868270489
-0.15008123539983603
-0.20008968357519197
-0.2500871858962346
-0.204322794630979
-0.25016861568027676
-0.2501027431766704
-0.25064047471531037
-0.2506366184166097
-0.25477289241969414
-0.2374329287565235
-0.25043018845383247
-0.30061560696171996
-0.3006881964333262
-0.2500921467649733
-0.3006087867511485
-0.2505470799635595
-0.2503015335689307
-0.15399733903469395
-0.10062046726292764
-0.10059926804014735
-0.10050666135626986
-0.10051836341902938
-0.16328516809010704
-0.15051348384967028
-0.10239559004314212
-0.15076534356996443
-0.20053732112329162
-0.20088845290761717
-0.1527803594885084
-0.20419010627855314
-0.2035053630594665
-0.20612680025087565
-0.25420661981858733
-0.2583485084855476
-0.30178586453578954
-0.3118377782623717
-0.30593216297887593
-0.258401638657425
-0.3101959715171288
-0.24751950373702925
-0.1944313735661381
-0.10313207826013737
-0.17505186389516744
-0.20233765018820582
-0.16074289671089656
-0.22509023310302967
-0.10198506137241721
-0.10169247366369401
-0.11178853951232812
-0.10107621755692812
-0.15679303687395113
-0.20064691737231508
-0.20096866655876575
-0.16197750729007224
-0.1508520751360027
-0.1344009380105288
-0.25947355702698605
-0.3530634434357397
-0.2011500366733721
-0.2044017255379194
-0.15133585664149782
-0.1504460823207843
-0.2046710727914174
-0.25329780347018044
-0.2033831642214261
-0.21533194200790132
-0.4650463741139036
-0.3036825661471353
-0.30051524084115216
-0.2513341871523326
-0.25573251660137614
-0.7
-0.171316548552739
-0.6
-0.6
-0.6499999999999999
-0.17978784720504395
-0.14691230925233564
-0.11912119804827526
-0.1523366364598462
-0.12737602686332514
-0.1161890642029409
-0.18277666289619982
-0.17391912221604663
-0.20062673371829223
-0.20440586288306675
-0.6499999999999999
-0.350960985876971
-0.2693656994529769
-0.3144866311105683
-0.5076060925536823
-0.30799440321260424
-0.2603499197399681
-0.2538760041514321
-0.3119894755327497
-0.21077202071966933
-0.1606342490158202
-0.250562070402776
-0.250562070402776
