2.67305
13.003879
1.281126
1.731281
1.594284
5.843412
31.772069
1.852749
2.488503
1.625452
1.675596
11.86569
2.225388
2.442435
1.932118
3.146498
9.546855
3.471498
2.070828
2.74269
10.869147
1.905918
1.678351
1.45412
5.183642
0.781978
20.9586
14.869378
1.667541
3.325013
1.989065
49.276817
1.421419
2.898752
1.995576
2.153933
1.494368
2.208355
1.419468
4.635072
1.683313
1.605778
1.342034
3.521679
2.06525
2.09177
2.445824
2.237044
1.814571
1.748759
1.29096
1.958231
1.550427
1.423289
1.576877
1.286823
1.265303
1.447164
1.942744
1.681935
1.736337
29.976549
1.262489
4.689547
2.95344
2.674117
1.464156
1.309367
6.5771
1.976368
11.732763
1.563263
2.390204
28.184381
97.967348
1.14078
3.206857
13.906133
3.513092
1.989603
2.28665
4.097488
2.036101
1.90295
3.456967
2.04639
1.662038
1.361745
4.190173
1.615041
1.99854
1.950029
2.372021
12.289191
1.675624
1.380511
1.37485
1.7801
1.705731
1.612867
1.415847
1.816271
1.989797
11.103293
1.866094
6.71463
1.532558
1.768501
8.317469
1.703889
1.605705
1.410458
61.195675
1.315009
2.136512
1.388537
3.139765
1.987581
2.548494
1.292116
2.367133
4.26643
8.487444
1.82717
5.463888
1.348592
31.541222
2.844931
1.472895
1.862446
3.805053
2.338129
6.158952
1.492421
4.2726
3.748346
2.628303
2.491217
1.532547
1.394007
1.780322
1.163053
1.551322
2.683527
1.61958
2.963483
3.391075
1.42255
4.638668
2.746316
1.647352
3.8519
1.101177
1.619721
1.278019
2.98876
1.390531
14.540033
2.219636
1.879197
9.958252
2.31746
3.391827
1.155269
1.629629
1.644046
2.715167
2.253049
1.433681
1.397649
1.214524
1.309703
1.188896
1.242055
1.251443
1.660702
7.111488
1.109676
2.443433
1.186339
2.485131
1.761691
1.342913
1.48484
2.063928
9.7236
1.352631
3.878266
2.857408
1.616297
1.436338
1.503334
1.939784
0.917213
1.410279
1.24568
1.557465
1.767139
1.619311
2.324184
1.408244
1.271849
1.814739
2.06619
1.738074
1.301605
1.686757
1.569808
2.438148
3.816547
1.912582
1.486672
1.35229
11.654544
2.573732
1.835096
1.439623
1.267009
1.154638
1.728766
1.765455
1.221404
1.327032
1.286506
1.364422
1.141293
2.384908
2.698517
1.444462
1.674414
1.523961
1.549088
1.60309
2.29543
1.78946
1.721432
3.742696
5.924914
116.838554
2.143181
3.294521
1.623967
2.847492
3.46403
50.49529
8.017514
3.646272
1.810017
1.986919
1.407081
1.577892
1.379088
1.361295
3.737464
1.578172
2.512426
1.725959
5.688417
1.785592
42.836453
2.484984
235.259606
10.486523
6.244381
2.570105
1.492652
1.724326
1.577271
1.35849
98.425486
1.20952
0.967636
1.160519
1.580988
1.660497
1.610633
3.683094
1.297185
4.432932
1.466092
1.451886
1.179143
2.416586
1.538478
1.299219
1.279171
3.116821
1.551703
1.621444
2.489633
1.247642
2.388744
1.320749
1.916197
1.370774
55.227305
1.658714
1.501548
1.591087
1.600334
1.457326
2.30096
1.9713
3.144984
2.237525
2.230953
2.123402
51.884729
1.479725
22.684521
1.7971
2.207541
3.273179
1.530781
2.373152
1.458957
2.18028
1.365221
1.337099
3.27861
13.253695
1.536813
1.432348
1.494073
1.51393
1.251639
4.373286
1.667299
26.603921
2.127372
1.384969
1.698398
1.503752
3.079719
2.172437
2.959434
1.133999
1.509823
0.938362
1.43878
2.875266
1.542765
1.317523
2.644092
1.791573
1.275103
1.606755
1.681276
1.481852
1.590656
2.515862
1.581388
1.384258
1.783517
1.544369
1.588
1.289871
1.552764
1.817862
1.253733
1.450122
12.246145
1.393906
1.27884
2.340272
1.624228
1.290873
1.640189
1.303085
1.546573
1.320118
4.674164
1.425551
3.46203
1.724272
1.556567
1.938063
1.555213
2.780136
2.072956
1.225633
2.912473
1.812526
1.600929
2.108652
1.239338
16.80898
1.256671
1.59148
1.156673
1.602962
1.608952
2.019653
7.047287
17.865288
1.127708
6.711836
1.220732
1.371887
1.593132
