39.95
12.4
5.08
4.92
7.7
7.799999999999999
5.2124999999999995
15.17
2.775
2.8142857142857145
3.6062499999999997
2.9375
4.725
2.75625
1.472222222222222
10.943750000000001
3.179166666666667
1.6925925925925926
1.1541666666666666
2.3809523809523814
3.0428571428571427
3.207142857142857
2.9833333333333334
3.0444444444444447
2.466666666666667
2.84
2.322222222222222
2.275
4.633333333333333
5.291666666666668
2.95
5.9
2.27
2.56
2.2333333333333334
1.8499999999999999
1.1666666666666665
1.0333333333333332
0.9285714285714286
1.1714285714285715
0.5
1.7333333333333332
0.64
3.4799999999999995
1.9466666666666668
3.4000000000000004
2.466666666666667
2.91
3.9375
2.8
1.9799999999999998
3.6799999999999997
4.675
7.075000000000001
3.56
3.8
1.9
5.7
8.2
4.025
4.84
10.18
3.353333333333333
2.26
5.81
1.32
3.2333333333333334
2.0533333333333332
2.71
2.7
4.56
3.9
4.185714285714286
3.271428571428572
2.9499999999999997
3.0000000000000004
2.9333333333333336
1.5850000000000004
1.8666666666666665
0.6962962962962962
1.6999999999999997
1.9962962962962965
1.2444444444444445
1.6531250000000002
1.41875
1.2291666666666667
0.6481481481481483
0.3233333333333333
0.4775
0.3055555555555556
0.3055555555555556
0.36
0.855
0.5083333333333333
1.7249999999999999
0.7407407407407407
1.288888888888889
1.6500000000000001
2.111111111111111
3.4666666666666663
2.06
1.7333333333333332
3.2375000000000003
2.925
3.785714285714285
5.857142857142857
4.55
3.6166666666666667
3.7714285714285714
3.325
2.8375
2.742857142857143
1.8285714285714287
1.7809523809523813
3.1904761904761907
1.5142857142857145
5.591666666666666
3.055
1.4916666666666667
2.033333333333333
2.6333333333333333
3.2333333333333334
2.3380952380952382
1.9611111111111115
1.9458333333333335
1.8000000000000003
2.416666666666667
4.883333333333333
8.18
7.95
9.137500000000001
5.2749999999999995
3.4750000000000005
3.7000000000000006
4.375
2.6250000000000004
2.05
1.04
1.46
1.4249999999999998
2.0749999999999997
1.775
2.96
2.46
2.066666666666667
3.25
7.0874999999999995
6.3812500000000005
2.915
2.78125
2.683333333333333
3.0416666666666665
4.0875
4.625
4.725
4.425
3.2916666666666665
2.5916666666666672
4.11875
2.5416666666666665
2.6187500000000004
2.7833333333333337
3.453333333333333
2.265
2.74
2.4466666666666668
2.2055555555555553
1.8999999999999997
2.49
3.4750000000000005
5.949999999999999
5.425
5.425
6.76
3.72
6.3
4.566666666666666
3.5142857142857142
4.642857142857143
5.366666666666667
2.1750000000000003
2.0
1.0571428571428572
2.0857142857142854
1.1625
3.2375000000000003
2.2583333333333333
0.8312499999999998
0.7194444444444444
0.5518518518518518
0.45925925925925926
0.9666666666666667
1.90625
1.3357142857142856
1.8583333333333334
3.1000000000000005
2.94
5.525
3.8
5.2
3.575
6.2250000000000005
4.1
4.94
3.4833333333333334
3.6166666666666667
5.62
5.875
5.175
3.4000000000000004
11.3375
3.34
3.2
1.633333333333333
2.227777777777778
1.6277777777777775
0.9761904761904759
1.0166666666666668
1.3708333333333333
1.15
2.25
2.0749999999999997
1.4142857142857144
1.5000000000000002
2.183333333333333
1.28
1.0
3.1199999999999997
0.64
0.68
1.175
1.08
1.5166666666666666
0.8142857142857143
0.975
1.575
2.142857142857143
3.6357142857142857
4.85
3.0000000000000004
5.064285714285714
1.44375
3.5249999999999995
3.74375
2.2375
2.7
0.2523809523809524
1.5285714285714287
1.4333333333333336
1.3900000000000001
3.2375000000000003
2.49
4.68
3.4799999999999995
3.38
4.45
7.008333333333333
3.0166666666666666
5.36
4.324999999999999
5.3500000000000005
3.7800000000000002
2.1500000000000004
2.4
2.6166666666666663
3.4833333333333334
1.2357142857142855
1.3833333333333333
1.7000000000000002
1.9166666666666665
2.2714285714285714
0.6142857142857142
0.95
1.1
0.7
0.8500000000000001
0.7875
1.0499999999999998
1.0999999999999999
1.2750000000000001
0.98
1.883333333333333
4.366666666666666
2.94
4.32
3.6799999999999997
11.67
3.025
4.775
4.0
5.650000000000001
4.65
2.4125
2.0624999999999996
1.54
2.225
4.475
4.65
2.46
4.225
6.45
3.7249999999999996
5.449999999999999
2.7
1.7999999999999998
6.575
1.5
3.18
2.7
4.5
7.449999999999999
7.02
5.220000000000001
1.81
4.013333333333334
2.1333333333333337
1.3666666666666665
1.7399999999999998
1.3125000000000002
1.366666666666667
1.15
0.9249999999999999
0.37
0.39
0.31666666666666665
0.38333333333333336
0.5722222222222222
0.42500000000000004
1.1166666666666667
3.65
2.46
2.58
4.875
5.5874999999999995
3.0
4.5249999999999995
6.125000000000001
3.95
8.69
2.42
1.96
2.038888888888889
1.6083333333333332
2.617857142857143
2.2906249999999995
1.5607142857142857
1.5714285714285712
1.261111111111111
2.8866666666666667
0.9333333333333335
1.6812500000000001
1.5437499999999997
1.8649999999999995
3.7562499999999996
1.84375
3.15
1.9333333333333333
1.58
0.9388888888888889
0.7888888888888888
0.8083333333333333
2.35
3.85
3.26
2.2
3.0
6.15
3.4250000000000003
2.98
2.15
0.5499999999999999
2.5875
1.3250000000000002
1.225
0.9875
0.8374999999999999
1.1600000000000001
4.6625
4.391666666666667
2.5062499999999996
1.7650000000000003
0.6599999999999999
3.0041666666666673
2.045
1.9866666666666664
3.2099999999999995
2.09
1.7000000000000002
2.057142857142857
2.2416666666666663
2.3916666666666666
3.9666666666666663
3.6666666666666665
5.58
4.94
4.86
6.275
4.375
1.86
4.475
