-0.55
-0.45999999999999996
-0.45999999999999996
-0.45999999999999996
-0.73
-0.73
-1.0
-1.18
-1.36
-1.54
-0.73
-1.45
-1.45
-1.72
-1.54
-2.17
-2.5300000000000002
-2.26
-1.99
-1.27
-1.27
-1.18
-1.6300000000000001
-1.4500000000000002
-1.36
-1.72
-1.0899999999999999
-0.5499999999999999
-1.0899999999999999
-1.0899999999999999
-1.0
-0.91
-0.45999999999999996
-0.64
-2.1205
-1.045
-0.5499999999999999
-0.73
-1.27
-0.64
-0.64
-0.55
-0.91
-1.36
-0.91
-1.27
-1.9
-0.82
-1.9414000000000002
-0.9154
-0.9154
-0.8739999999999999
-0.37
-0.6076000000000001
-1.2655
-1.0944999999999998
-1.12366
-1.2799
-0.7363
-1.1787400000000001
-1.8028
-1.36
-1.8100000000000003
-1.8100000000000003
-1.36
-1.18
-1.5319000000000003
-1.8028
-1.3662459999999998
-1.3662459999999998
-1.8446500000000001
-1.387
-0.64
-0.82
-18.310351919670826
-1.6300000000000001
-1.9000000000000001
-2.7100000000000004
-2.5300000000000002
-1.6300000000000001
-2.4400000000000004
-3.25
-2.98
-2.89
-2.17
-4.807
-2.8000000000000003
-3.6100000000000003
-3.34
-3.25
-3.7
-3.6100000000000003
-6.346
-6.175000000000001
-2.4400000000000004
-3.0970000000000004
-1.6300000000000001
-0.82
-0.82
-1.0
-0.91
-0.82
-0.73
-0.7876
-1.2736
-1.314505
-1.6335549999999999
-2.0521000000000003
-1.6237
-1.4527
-1.55314
-2.4130000000000003
-15.485967928151936
-1.9000000000000001
-2.5300000000000002
-2.26
-1.9000000000000001
-2.26
-2.17
-1.6300000000000001
-1.6300000000000001
-1.99
-1.72
-2.17
-3.1951
-2.16505
-1.5916294
-1.6764850000000002
-1.67761
-1.387
-0.43626699999999996
-1.9783
-1.0899999999999999
-0.76926403
-0.8289073
-1.0989369999999998
-1.7338281400000002
-1.8125835399999999
-2.06875333
-1.4579476299999998
-1.8133681536999997
-2.2726973260000003
-2.60632
-2.6902
-2.242
-1.45
-1.45
-1.9000000000000001
-1.54
-1.0899999999999999
-1.0899999999999999
-1.488037627
-1.4527
-1.279219703833
-2.60857
-2.1691
-2.1691
-2.8530999999999995
-2.20492338643
-4.148289999999999
-3.208354434217
-2.9511100000000003
-3.561400000000001
-2.7064000000000004
-2.7064000000000004
-3.3985000000000003
-2.9172520000000004
-2.60632
-1.6731297733449702
-1.6845008672827002
-2.1652344721629997
-2.51358212744137
-2.7585601120000005
-2.2544577046
-2.44720495
-2.1672194499999997
-2.6915140000000006
-1.900864
-1.9739381500000002
-3.0965499999999997
-2.1691
-2.6416000000000004
-1.362133
-2.41183
-2.755
-2.17
-2.89
-3.5595999999999997
-4.636000000000001
-2.4400000000000004
-4.294
-1.45
-1.4662
-2.385246646
-2.1333501100000003
-2.2450242997000003
-2.5481003884697233
-2.8584463061669565
-3.2084559999999995
-2.168173
-2.1343211906344304
-3.2356052942140003
-2.6919131275540003
-3.0375342055
-2.6955472554999997
-2.7998509046922755
-3.0105505171777773
-3.1998618431052868
-3.5378632246742336
-3.7923364
-1.0
-1.8109000000000002
-2.4697
-3.2437
-3.2437
-3.7809999999999997
-2.26
-2.17
-2.8206999999999995
-1.5177429999999998
-2.168173
-2.29890376
-2.52185536
-2.658780595
-3.304434614223048
-3.3786501400000004
-2.6627721400000004
-1.93189358147986
-3.1249939962784605
-3.46069994193926
-3.7354228432876004
-3.61601704495
-3.3694273000000003
-3.18578257
-2.87649127
-3.0161833840000005
-3.5560000000000005
-2.5273000000000003
-19.732886682399997
-4.609
-3.0564999999999998
-2.3439186999999997
-4.06
-2.8854999999999995
-16.944166201129544
-3.8952999999999998
-2.62767219814
-3.4977219814000002
-2.8605816796010473
-2.500542796010473
-2.9211304223331878
-2.4799536829969355
-3.553744056315676
-3.962448163284108
-4.173058126000001
-3.5947315099
-2.712614351995
-3.835454147575277
-3.893037637966015
-3.872484592427491
-4.237322093004341
-21.77701459345
-3.218591782945
-4.072114
-3.2374089999999995
-3.9648970000000006
-4.57208507493955
-3.28102617726055
-3.73640586511555
-21.443531786773992
-3.1366368064000003
-3.3691790633603995
-4.249041806464394
-4.35228212023469
-4.305044150169413
-4.335191667157099
-2.6394126848894617
-4.203759746503216
-4.531722149038184
-4.720210218399477
-20.605803394105003
-5.012354951164094
-3.797719343110667
-3.048578649392812
-4.382823681651267
-4.890801165040943
-0.82
-3.1356386664446543
-4.826808070441389
-2.87649127
-3.17611338643
-2.3281180785999998
-3.5777263572999995
-3.854066231740812
-3.3526959963894445
-16.65104614168843
-4.856404927547802
-5.185643170074777
-4.768952461492197
-5.175177161132747
-5.359977468175951
-4.143721047787
-3.2374089999999995
-3.1473016428969993
-4.271949093727
-4.708309101166731
-3.598174915802145
-17.559821243656394
-5.217823159844924
-5.49342538952142
-5.657250957920985
-5.5513705411368495
-3.5461444186000004
-3.9829600000000003
-3.4633999
-4.3405678000000005
-3.5574306396750504
-4.2103612910513295
-5.10260609086903
-3.9470468970427293
-4.95922960278973
-5.556631188724058
-4.420682974414
-4.70662516891
-4.29503491
-4.7441845
-3.3338373559534498
-3.8853373221162903
-5.942914196927645
-4.741783151221793
-4.1679615086079735
-5.638438815996268
-6.000310385609431
-5.639637306761832
-5.973712291782126
-4.29503491
-4.7824390143236215
-6.359434469851653
-5.18824
-4.0393360000000005
-4.97395
-4.123
-2.62
-2.98
-2.62
-2.0548
-3.53055268
-4.387232791000001
-4.67040601
-5.313960999999999
-2.8854999999999995
-3.7486000000000006
-3.185695
-4.306645
-4.3640721326953
-5.3420845609
-5.6766797775707545
-6.488488
-4.841263
-4.440133979348571
-4.429217352486457
-4.75655138839975
-4.966677256913538
-6.2813500227978825
-4.71862485118684
-6.029003219453569
-5.8084911356262054
-6.1841361518797076
-6.408867099714572
-6.120406224269944
-6.637846704657053
-6.313240933694215
-6.89676057389304
-5.6023867969237395
-6.980108524357273
-7.102423539061107
-5.230033613596571
-7.775341006503737
-6.5699388999999995
-5.436640000000001
-3.6019000000000005
-4.465
-3.8535760000000003
-4.115928757570755
-4.509549043404806
-5.2864761446698605
-5.772803382018999
-5.155864300000001
-5.681429709345595
-5.3420845609
-4.964385242193789
-5.258985874515752
-5.585331033273994
-6.98789125712491
-5.2835604050424685
-6.77881694992741
-6.429202162027245
-6.725816062185205
-7.139563449517121
-6.7349101404069724
