67
68
68
67
47
47
47
47
22
22
22
22
70
70
71
70
28
28
28
28
67
67
67
67
89
89
89
89
64
64
64
64
88
88
88
88
69
69
69
69
5
5
5
5
92
92
92
92
48
48
48
48
40
41
41
5
5
5
5
66
66
66
66
49
49
49
49
87
87
87
87
39
39
39
39
5
6
6
5
8
9
8
8
100
100
100
100
3
3
3
3
27
27
27
27
49
49
49
50
73
73
74
74
101
102
102
101
2
2
2
2
62
63
63
63
93
93
93
93
99
100
100
99
80
80
80
80
94
93
94
94
6
6
6
6
37
37
38
38
69
70
70
69
24
24
24
24
69
70
70
69
103
103
103
103
29
29
29
29
47
45
46
46
47
47
47
47
98
97
98
98
32
32
32
32
40
40
40
40
97
97
97
97
