0.0 0.0 0.0 
0.0 0.0 0.0 
0.0 0.0 0.0 
0.0 0.0 0.0 
0.0 0.0 0.0 
0.0 0.0 0.0 
0.0 0.0 0.0 
0.0 0.0 0.0 
0.0 0.0 0.0 
0.0 0.0 0.0 
0.0 0.0 0.0 
0.0 0.0 0.0 
0.0 0.0 0.0 
0.0 0.0 0.0 
0.0 0.0 0.0 
0.0 0.0 0.0 
0.0 0.0 0.0 
0.0 0.0 0.0 
0.0 0.0 0.0 
0.0 0.0 0.0 
0.0 0.0 0.0 
0.0 0.0 0.0 
0.0 0.0 0.0 
0.0 0.0 0.0 
0.0 0.0 0.0 
0.0 0.0 0.0 
0.0 0.0 0.0 
0.0 0.0 0.0 
0.0 0.0 0.0 
0.0 0.0 0.0 
0.0 0.0 0.0 
0.0 0.0 0.0 
0.0 0.0 0.0 
0.0 0.0 0.0 
0.0 0.0 0.0 
0.0 0.0 0.0 
0.0 0.0 0.0 
0.0 0.0 0.0 
0.0 0.0 0.0 
0.0 0.0 0.0 
-0.13845814296869063 0.0 -0.13992427292075518 
-0.013008818272572994 0.0 -0.014931872207528358 
-0.002520969639129261 0.0 0.0 
-0.010044796748914791 0.0 -0.002503099847662622 
-0.0026703250252234035 0.0 -0.005034012699544444 
-0.002516236400009377 0.0 -0.0025115900834567755 
-0.002502680358420973 0.0 -0.003010118313190582 
-0.00302232441603992 0.0 -0.003636909836821025 
0.0 0.0 0.0 
0.0 0.0 0.0 
-0.10757414035782872 -0.10764724150628303 -0.10868226616617402 
-0.012050684699509252 -0.012097987502602114 -0.010048311302961943 
-0.006999999999999999 -0.005964953750156774 -0.0060230770423254105 
0.0 0.0 -0.0020028688695877084 
0.0 -0.0029159153496532953 -0.0075 
-0.0031916612677147112 -0.0020808909672952263 0.0 
0.0 0.0 0.0 
-0.0022882561907285716 0.0 0.0 
0.0 0.0 0.0 
-0.002002704163837054 0.0 0.0 
-0.0871396535342345 -0.08765929233443989 -0.08768311765646224 
-0.009498341187670841 -0.009524077007022385 -0.010866228126609007 
-0.0036869108830655407 -0.0030091215974751076 -0.0029986956227581714 
0.0 0.0 0.0 
0.0 -0.006499999999999999 -0.0015017266086927567 
-0.0015080773321282262 0.0 0.0 
0.0 0.0 0.0 
0.0 0.0 0.0 
0.0 0.0 0.0 
0.0 0.0 0.0 
-0.06600364401519246 -0.06644390043618248 -0.06538588191669875 
-0.006495963879431002 -0.00850307494709611 -0.006411215159235328 
-0.0010140370973512627 -0.0020185904219404346 -0.001994494430258351 
0.0 -0.0010020793011633123 -0.0015017268439112502 
0.0 -0.0010015713549969547 0.0 
0.0 0.0 0.0 
0.0 0.0 0.0 
0.0 0.0 0.0 
0.0 0.0 0.0 
0.0 0.0 0.0 
-0.04986141326730025 -0.04809120352758221 0.0 
-0.003068483818029977 -0.003203096933550718 0.0 
0.0 -5.019753685117864E-4 0.0 
0.0 0.0 0.0 
0.0 -0.0055000000000000005 0.0 
0.0 0.0 0.0 
0.0 0.0 0.0 
0.0 0.0 0.0 
0.0 0.0 0.0 
0.0 0.0 0.0 
0.0 0.0 0.0 
0.0 0.0 0.0 
0.0 0.0 0.0 
0.0 0.0 0.0 
0.0 0.0 0.0 
0.0 0.0 0.0 
0.0 0.0 0.0 
0.0 0.0 0.0 
0.0 0.0 0.0 
0.0 0.0 0.0 
