0.0 0.0 0.0 
0.0 0.0 0.0 
0.0 0.0 0.0 
0.0 0.0 0.0 
0.0 0.0 0.0 
0.0 0.0 0.0 
0.0 0.0 0.0 
0.0 0.0 0.0 
0.0 0.0 0.0 
0.0 0.0 0.0 
0.0 0.0 0.0 
0.0 0.0 0.0 
0.0 0.0 0.0 
0.0 0.0 0.0 
0.0 0.0 0.0 
0.0 0.0 0.0 
0.0 0.0 0.0 
0.0 0.0 0.0 
0.0 0.0 0.0 
0.0 0.0 0.0 
0.0 0.0 0.0 
0.0 0.0 0.0 
0.0 0.0 0.0 
0.0 0.0 0.0 
0.0 0.0 0.0 
0.0 0.0 0.0 
0.0 0.0 0.0 
0.0 0.0 0.0 
0.0 0.0 0.0 
0.0 0.0 0.0 
0.0 0.0 0.0 
0.0 0.0 0.0 
0.0 0.0 0.0 
0.0 0.0 0.0 
0.0 0.0 0.0 
0.0 0.0 0.0 
0.0 0.0 0.0 
0.0 0.0 0.0 
0.0 0.0 0.0 
0.0 0.0 0.0 
-0.04686004314419459 0.0 -0.04714898762771462 
-0.08250019454039233 0.0 -0.08237847175805219 
-0.04916277958448928 0.0 -0.049639203843179915 
-0.020198349985903113 0.0 -0.02353564868583772 
-0.008271923003221826 0.0 -0.0056930616184409115 
-0.005014136888226825 0.0 -0.005008298638182251 
-0.007603092447892125 0.0 -0.008 
-0.008 0.0 -0.0075016800099777445 
0.0 0.0 -0.0025533468922930643 
-0.0074830765693955255 0.0 -0.003001420407011106 
-0.018180035597211985 -0.01666469489538475 -0.01657968442344692 
-0.060165243159548784 -0.05888005569234632 -0.058759640435847055 
-0.041771601330079705 -0.04735814443886425 -0.04049618850762123 
-0.02485921273273008 -0.024285369186890976 -0.02445343350575737 
-0.0020010693755978717 -0.0022352703987561728 -0.002206586425139432 
-0.004607467027419639 -0.004525926085158236 -0.00609942277912867 
-0.004533477209799616 -0.004541671438372979 -0.00402806839391452 
-0.005533271583264688 -0.0040881348060418325 -0.0027392478374489225 
0.0 0.0 0.0 
-0.00400186333345994 -0.0020025180342176548 -0.003983077425742251 
-0.01573626055310663 -0.015550795755159986 -0.016991299952754516 
-0.038546753371145215 -0.039751334192836656 -0.0379977918200605 
-0.02749836880694266 -0.02815193604541038 -0.02752982266227354 
-0.0140115337059862 -0.013994470652063277 -0.01607803146027957 
-0.010005471240724241 -0.009432393160474159 -0.012853981262216482 
-0.002012976319568772 -0.0036136710683774857 -0.0033526519653433846 
-0.003224582299471513 -0.006040942850862558 -0.008710326026280074 
-0.006499999999999999 -0.00652465323053704 -0.0015544306160950306 
0.0 -0.006499999999999999 0.0 
-0.0017312566481531254 0.0 -0.006499999999999999 
-0.015039022291336685 -0.020077661800939846 -0.01590495462999266 
-0.025637611036393643 -0.025263567697280692 -0.026677719564418906 
-0.023248760371251738 -0.02360221833335133 -0.023180646845963486 
-0.0114738653240778 -0.011702221061430058 -0.012158451807366102 
-0.008163721942128948 -0.013339046082538851 -0.009755318123632393 
-0.008144828504850642 -0.008965087239854803 -0.009217419570302005 
-0.0036737852015260378 -0.00756861562861079 -0.0044520036534030916 
-0.002030755577282807 -0.0013219669148705749 -0.006 
-0.006 -0.0015835062148211484 -0.007123619978406841 
-0.003182108241668473 -0.0013568441236801842 0.0 
-0.013809969132014214 -0.01415332680680697 0.0 
-0.020392102536727096 -0.020419848770623687 0.0 
-0.019261828739695844 -0.013470344051247472 0.0 
-0.007887454824805264 -0.007679921376701607 0.0 
-0.0037760484333612945 -0.008824181036714524 0.0 
-0.006743144821264979 -0.0055000000000000005 0.0 
-0.005009921738811929 -0.006116612619096131 0.0 
-0.006065704869948632 -0.007041121040501512 0.0 
0.0 -0.007296245436110592 0.0 
-0.0014004943484425241 -0.0013365094838416153 0.0 
0.0 0.0 0.0 
0.0 0.0 0.0 
0.0 0.0 0.0 
0.0 0.0 0.0 
0.0 0.0 0.0 
0.0 0.0 0.0 
0.0 0.0 0.0 
0.0 0.0 0.0 
0.0 0.0 0.0 
0.0 0.0 0.0 
